NAME : bier127_Li
TYPE : BWTSP
DIMENSION : 127
EDGE_WEIGHT_TYPE : EXPLICIT
EDGE_WEIGHT_FORMAT : FULL_MATRIX
EDGE_WEIGHT_SECTION
-1 46400 139200 116000 34802 92801 34805 174001 139202 81205 127604 1100 23231 34824 69614 23248 104412 150810 139212 81222 116017 116019 127619 116023 139221 92834 34897 208817 150826 69660 11982 150832 162432 139239 116050 92866 81280 139249 150848 162447 69715 185645 127669 208844 232042 243642 150870 232048 197258 12592 69779 12672 197269 162486 35216 69817 116135 185688 313254 255268 243674 266870 545235 185707 174118 46853 255285 301674 382860 382862 382864 162555 243706 220521 278498 197343 150991 127832 70036 47068 162597 162602 116289 162612 707650 719250 707652 719253 394498 220580 232175 429296 475689 336529 417706 580078 452502 904852 452506 139552 15315 104887 255404 661280 58925 81876 870065 93415 580101 568505 452534 359771 197518 81982 36620 232285 116579 220710 638109 59208 70627 185994 417778 36910 383001 162880 661320 
46400 -1 185600 162400 11604 139201 81202 220401 185601 127603 174002 46411 69609 11662 116007 23242 150807 197206 185608 127613 162411 162412 174013 162415 92828 46462 11866 162421 104435 23368 34921 104443 116041 92855 69678 46524 34976 92870 104466 116062 23526 139257 81303 162454 185650 197249 104497 185657 150873 35129 23712 35157 150886 116116 12753 23820 69817 232068 359645 301656 290060 313257 591631 232083 220490 93020 301670 348063 429252 429254 429255 208917 290087 266897 324882 243712 197343 174166 116255 93127 208949 208953 162602 208961 754046 765646 754048 765648 440886 266945 278542 475685 429296 290146 371316 626471 406111 858454 498894 185859 36181 151131 209044 707674 104907 128023 823667 139603 626491 614895 406146 313393 243853 128091 81982 278633 162807 174386 684500 105065 26074 139716 371397 16834 429376 209168 614927 
139200 185600 -1 23200 174000 46401 104401 34804 600 58004 11628 139203 116004 174003 69610 162405 34828 11697 1600 58025 23270 23278 11771 23295 278409 232011 174017 348009 290012 208817 150826 290014 301615 278417 255220 232023 220426 278422 290022 301623 208835 324823 266830 348024 371224 382824 290033 371227 336431 150873 208855 150880 336437 301643 174078 208867 255257 46725 174090 116140 104561 127736 406044 46799 35348 93014 116176 162530 243689 243692 243695 24204 104634 81510 139386 58458 13759 13813 70014 93119 24476 24508 24541 24573 568459 580059 568462 580062 255345 81665 93216 290137 614866 475687 556876 440898 591675 1044043 313347 9700 151118 36181 394527 522098 81838 58907 1009254 47573 440927 429333 591699 498919 59034 59053 104999 93485 25850 359784 498935 82039 209133 325018 556929 174420 243905 26259 800496 
116000 162400 23200 -1 150800 23201 81201 58001 23205 34805 11621 116003 92804 150803 46413 139205 11673 34828 23248 34837 1700 1800 11755 2000 255209 208812 150818 324809 266812 185618 127629 266815 278415 255218 232021 208825 197228 255223 266823 278423 185637 301624 243631 324825 348024 359625 266835 348028 313232 127683 185660 127690 313238 278445 150886 185673 232061 69809 197277 139313 127727 150911 429241 69858 58320 69876 139342 185710 266879 266882 266884 46896 127786 104634 162555 81519 35557 13759 47002 70014 47035 47051 7900 47085 591655 603256 591658 603258 278530 104754 116326 313324 591667 452490 533678 464091 568476 1020843 336534 25108 127968 15186 371332 545292 58873 36264 986054 25424 464119 452524 568501 475723 81928 36497 81955 116539 11300 336593 522127 59149 185968 301831 533733 151277 267074 47977 777297 
34802 11604 174000 150800 -1 127600 69600 208800 174000 116001 162401 34807 58006 900 104405 11652 139205 185605 174006 116010 150808 150810 162410 150812 104419 58038 2200 174015 116025 34890 23345 116031 127631 104440 81255 58083 46510 104452 116050 127648 34986 150845 92878 174044 197241 208840 116076 197247 162460 23632 35103 23671 162471 127694 5000 35172 81366 220464 348042 290052 278456 301654 580029 220479 208886 81429 290066 336459 417649 417651 417652 197314 278483 255293 313278 232109 185740 162564 104662 81546 197346 197350 151002 197358 742443 754044 742445 754046 429282 255342 266939 464082 440888 301731 382906 614867 417701 870050 487291 174259 25108 139538 220618 696070 93337 116439 835262 128015 614888 603291 417735 324976 232251 116511 70464 267031 151215 185944 672897 93510 36682 151253 382982 11900 417772 197571 626519 
92801 139201 46401 23201 127600 -1 58000 81200 46401 11607 34804 92802 69604 127603 23217 116004 11652 58012 46418 11684 23248 23255 34841 23270 232008 185611 127617 301608 243611 162418 104430 243614 255214 232017 208820 185624 174028 232022 243622 255223 162438 278423 220431 301624 324823 336424 243635 324827 290032 104493 162462 104501 290038 255245 127694 162477 208862 92946 220464 162490 150900 174090 452436 92981 81414 46786 162515 208892 290068 290071 290073 69912 150949 127781 185728 104634 58433 35537 24321 46986 70003 70014 24444 70036 614851 626451 614853 626454 301714 127876 139459 336510 568467 429290 510478 487283 545276 997642 359720 47343 104831 15057 348135 568484 36181 15315 962853 10200 487309 475714 545301 452524 104947 15849 59015 139634 25719 313400 545317 36620 162807 278642 510534 128144 290244 70627 754097 
34805 81202 104401 81201 69600 58000 -1 139200 104400 46401 92801 34804 11616 69604 34809 58007 69607 116005 104407 46418 81212 81214 92814 81218 174009 127614 69629 243609 185613 104425 46462 185617 197217 174021 150826 127633 116039 174028 185628 197228 104455 220428 162440 243628 266827 278427 185643 266832 232038 46599 104493 46618 232046 197256 69765 104515 150883 150886 278449 220464 208870 232065 510431 150908 139321 13014 220482 266870 348055 348057 348059 127765 208904 185721 243695 162547 116211 93071 35537 13706 127814 127820 81555 127832 672845 684446 672848 684448 359693 185785 197379 394492 510472 371302 452486 545273 487283 939644 417701 104813 47343 70245 290159 626475 25185 47444 904855 58873 545295 533699 487311 394540 162746 47618 10800 197501 81942 255441 603304 25806 105021 220700 452549 70577 348200 128154 696103 
174001 220401 34804 58001 208800 81200 139200 -1 34800 92800 46401 174000 150801 208801 104402 197202 69606 23222 34817 92808 58015 58017 46424 58022 313205 266806 208809 382805 324807 243610 185614 324809 336409 313211 290013 266815 255216 313214 324815 336415 243622 359616 301620 382817 406017 417617 324823 406020 371223 185648 243638 185652 371227 336431 208853 243647 290041 12632 139293 81366 69802 92957 371241 12881 5700 127732 81414 127741 208889 208892 208895 13248 69903 46867 104615 24176 24204 46925 104641 127803 13706 13759 58483 13868 533656 545256 533658 545259 220549 47119 58591 255338 649656 510472 591664 406095 626463 1078838 278549 35996 185833 70232 429305 487295 116405 93316 1044047 81813 406126 394532 626485 533701 25465 93403 139611 58997 59015 394553 464133 116539 243862 359781 591712 209122 209128 16547 835285 
139202 185601 600 23205 174000 46401 104400 34800 -1 58000 11602 139200 116001 174001 69603 162402 34809 11635 1000 58010 23231 23236 11684 23248 278405 232006 174009 348005 290007 208811 150816 290009 301610 278411 255213 232016 220418 278415 290016 301616 208825 324817 266822 348018 371217 382818 290025 371220 336424 150856 208842 150861 336429 301634 174061 208853 255245 46658 174072 116112 104529 127710 406036 46725 35248 92975 116145 162507 243674 243676 243679 24040 104596 81460 139356 58386 13446 13497 69951 93071 24292 24321 24352 24382 568451 580051 568454 580054 255325 81603 93162 290119 614857 475676 556866 440886 591665 1044038 313329 9100 151080 36021 394512 522086 81766 58806 1009248 47444 440913 429319 591688 498906 58925 58943 104937 93415 25591 359765 498921 81955 209100 324997 556917 174380 243876 25983 800487 
81205 127603 58004 34805 116001 11607 46401 92800 58000 -1 46400 81200 58001 116001 11611 104402 23211 69605 58007 1000 34817 34821 46418 34828 220405 174007 116012 290006 232008 150813 92824 232010 243611 220413 197216 174019 162422 220418 232018 243618 150832 266819 208826 290020 313220 324820 232030 313223 278427 92886 150856 92895 278433 243640 116087 150870 197256 104510 232052 174072 162480 185673 464030 104540 92963 35248 174093 220476 301658 301660 301662 81436 162522 139347 197307 116188 69922 46896 13497 35497 81510 81519 35557 81536 626445 638045 626447 638048 313300 139430 151017 348097 556862 417684 498872 498874 533671 986039 371307 58694 93245 24958 336529 580076 25070 9600 951249 15186 498898 487303 533696 440918 116456 10400 47573 151172 36408 301793 556907 25676 151208 267035 498928 116559 301819 82024 742492 
127604 174002 11628 11621 162401 34804 92801 46401 11602 46400 -1 127600 104400 162400 58001 150801 23208 23211 11628 46409 11643 11652 1200 11673 266804 220405 162408 336404 278406 197209 139214 278408 290008 266810 243612 220414 208816 266814 278414 290014 197223 313215 255220 336416 359616 371217 278423 359619 324822 139255 197241 139260 324827 290032 162460 197251 243643 58190 185662 127694 116108 139293 417632 58242 46713 81386 127723 174093 255266 255268 255271 35331 116166 93014 150936 69903 24121 6700 58397 81493 35497 35517 13653 35557 580047 591648 580050 591650 266914 93136 104706 301709 603256 464074 545265 452480 580064 1032437 324919 14621 139491 24921 382911 533681 70232 47363 997646 36127 452506 440911 580086 487305 70343 47529 93381 104927 15714 348164 510514 70448 197507 313397 545315 162793 255454 36651 788885 
1100 46411 139203 116003 34807 92802 34804 174000 139200 81200 127600 -1 23200 34801 69601 23203 104401 150801 139202 81204 116003 116004 127605 116006 139206 92811 34832 208806 150810 69623 11755 150813 162414 139217 116023 92831 81238 139224 150824 162424 69660 185624 127638 208825 232023 243624 150841 232028 197235 12207 69709 12270 197243 162454 35065 69739 116087 185657 313235 255245 243649 266847 545224 185673 174081 46713 255259 301652 382842 382844 382845 162511 243676 220487 278471 197304 150940 127771 69922 46896 162547 162551 116217 162560 707638 719238 707640 719240 394475 220538 232134 429275 475669 336500 417682 580061 452480 904841 452484 139478 14621 104787 255362 661264 58741 81742 870052 93295 580081 568484 452508 359739 197458 81838 36292 232233 116474 220655 638090 58997 70448 185926 417747 36558 382967 162800 661300 
23231 69609 116004 92804 58006 69604 11616 150801 116001 58001 104400 23200 -1 58000 46400 46401 81201 127601 116002 58004 92803 92804 104405 92807 162404 116007 58017 232005 174007 92816 34847 174010 185611 162414 139217 116023 104428 162419 174019 185620 92842 208820 150830 232021 255220 266820 174033 255224 220429 34996 92878 35018 220436 185645 58152 92900 139270 162462 290036 232048 220452 243649 522024 162480 150890 23798 232063 278454 359644 359645 359647 139325 220482 197294 255275 174114 127760 104602 46867 24148 139366 139371 93064 139381 684438 696038 684440 696040 371278 197350 208946 406077 498864 359691 440876 556862 475674 928039 429286 116326 35895 81686 278545 638065 35996 58741 893249 70245 556883 545286 475701 382928 174287 58873 15447 209054 93381 243826 614891 36408 93426 209084 440937 59053 359774 139658 684495 
34824 11662 174003 150803 900 127603 69604 208801 174001 116001 162400 34801 58000 -1 104400 11602 139200 185600 174001 116002 150802 150802 162402 150803 104406 58012 1300 174006 116010 34837 23262 116014 127614 104419 81227 58042 46457 104428 116027 127626 34905 150826 92845 174026 197224 208825 116047 197229 162438 23478 34996 23509 162447 127663 4100 35053 81314 220444 348029 290036 278440 301638 580021 220457 208862 81366 290048 336443 417636 417638 417639 197285 278463 255271 313259 232083 185707 162526 104602 81468 197314 197317 150958 197324 742434 754034 742436 754036 429266 255313 266911 464066 440871 301706 382886 614855 417682 870041 487274 174212 24778 139478 220580 696058 93245 116364 835252 127946 614873 603276 417713 324948 232211 116430 70329 266995 151151 185891 672882 93403 36408 151186 382955 11000 417747 197518 626502 
69614 116007 69610 46413 104405 23217 34809 104402 69603 11611 58001 69601 46400 104400 -1 92800 34801 81201 69601 11611 46404 46405 58006 46409 208802 162404 104407 278403 220404 139208 81216 220407 232007 208809 185611 162414 150816 208813 220413 232013 139224 255214 197220 278415 301615 313215 220423 301618 266822 81275 139247 81284 266827 232033 104477 139260 185648 116080 243640 185655 174061 197256 475624 116103 104520 23754 185673 232061 313247 313248 313250 92975 174097 150915 208886 127746 81436 58341 6400 24093 93034 93042 46896 93056 638038 649639 638041 649641 324884 150986 162578 359682 545256 406077 487266 510464 522064 974435 382892 70117 81654 35871 324919 591667 14682 14743 939645 24995 510487 498890 522088 429310 127976 15250 36208 162714 47508 290183 568495 15646 139603 255424 487320 104967 313393 93461 730886 
23248 23242 162405 139205 11652 116004 58007 197202 162402 104402 150801 23203 46401 11602 92800 -1 127600 174000 162400 104401 139201 139201 150802 139202 116003 69607 11652 185604 127607 46421 11697 127610 139210 116014 92819 69629 58038 116021 127621 139221 46467 162421 104435 185621 208820 220420 127638 208825 174031 12088 46532 12146 174039 139252 12238 46572 92891 208842 336427 278435 266838 290036 568419 208855 197261 69779 278447 324842 406035 406036 406037 185684 266861 243669 301658 220482 174107 150927 93014 69894 185714 185717 139361 185725 730833 742433 730834 742435 417664 243712 255310 452464 452466 313297 394479 603253 429276 881638 475672 162617 14381 127889 232163 684457 81686 104787 846849 116364 603272 591675 429305 336537 220613 104859 58839 255396 139566 197464 661280 81863 47573 162746 394545 15849 406146 185926 638097 
104412 150807 34828 11673 139205 11652 69607 69606 34809 23211 23208 104401 81201 139200 34801 127600 -1 46400 34801 23202 11607 11611 23208 11621 243601 197202 139204 313202 255203 174005 116008 255204 266805 243606 220407 197209 185611 243609 255209 266810 174017 290011 232015 313212 336412 348012 255218 336414 301617 116047 174033 116053 301621 266826 139252 174044 220436 81303 208842 150861 139270 162462 440824 81336 69765 58207 150883 197266 278449 278450 278452 58260 139313 116140 174097 92987 46786 23989 35348 58341 58352 58363 13346 58386 603238 614839 603241 614841 290089 116229 127814 324887 580050 440867 522058 475666 556857 1009233 348097 35776 116304 8500 359703 556868 47227 24849 974442 14743 475689 464093 556879 464097 93295 25146 70287 127983 15315 324957 533697 47529 174311 290190 522108 139611 278609 59015 765679 
150810 197206 11697 34828 185605 58012 116005 23222 11635 69605 23211 150801 127601 185600 81201 174000 46400 -1 11600 69600 34801 34802 23205 34805 290001 243601 185602 359601 301602 220403 162405 301603 313204 290004 266805 243607 232008 290007 301607 313208 220412 336409 278411 359609 382810 394410 301614 382812 348014 162432 220425 162436 348018 313221 185637 220433 266829 35029 162452 104484 92900 116083 394426 35103 23671 104510 104515 150883 232056 232058 232061 12795 92963 69825 127727 46761 5900 23963 81429 104584 13200 13248 35402 13346 556840 568441 556843 568443 243703 69971 81527 278498 626445 487259 568452 429271 603252 1055630 301709 14206 162612 47154 406089 510472 93207 70154 1020839 58694 429296 417701 603272 510487 47363 70259 116405 81789 36181 371335 487305 93359 220641 336561 568497 185902 232247 15849 812073 
139212 185608 1600 23248 174006 46418 104407 34817 1000 58007 11628 139202 116002 174001 69601 162400 34801 11600 -1 58000 23201 23202 11607 23205 278401 232001 174002 348001 290002 208803 150805 290003 301603 278404 255205 232006 220407 278406 290007 301607 208812 324808 266811 348009 371209 382810 290014 371211 336413 150832 208825 150836 336417 301620 174037 208833 255228 46564 174046 116072 104484 127672 406024 46618 35103 92919 116099 162474 243651 243653 243655 23798 104540 81386 139313 58279 12969 13014 69858 93000 24014 24040 24067 24093 568438 580039 568441 580041 255296 81510 93079 290092 614845 475659 556852 440867 591651 1044030 313302 8100 151023 35776 394489 522069 81654 58649 1009238 47246 440892 429296 591672 498887 58757 58773 104840 93306 25185 359736 498900 81826 209049 324963 556897 174317 243831 25549 800473 
81222 127613 58025 34837 116010 11684 46418 92808 58010 1000 46409 81204 58004 116002 11611 104401 23202 69600 58000 -1 34800 34801 46401 34802 220401 174001 116002 290001 232002 150803 92807 232003 243603 220404 197206 174007 162409 220407 232008 243608 150815 266809 208813 290010 313210 324810 232016 313213 278415 92848 150832 92855 278420 243624 116053 150843 197235 104469 232033 174046 162452 185648 464020 104493 92909 35103 174063 220452 301640 301641 301643 81366 162486 139305 197277 116135 69833 46761 13014 35313 81429 81436 35366 81452 626434 638034 626436 638036 313276 139376 150967 348074 556848 417666 498856 498858 533656 986031 371284 58549 93153 24607 336502 580061 24708 8600 951240 14560 498879 487283 533678 440896 116372 9400 47363 151105 36127 301759 556888 25263 151138 266995 498906 116465 301783 81889 742477 
116017 162411 23270 1700 150808 23248 81212 58015 23231 34817 11643 116003 92803 150802 46404 139201 11607 34801 23201 34800 -1 100 11602 300 255200 208801 150801 324801 266801 185602 127604 266802 278403 255203 232004 208805 197206 255206 266806 278406 185611 301607 243610 324808 348008 359609 266813 348010 313213 127633 185624 127638 313216 278420 150838 185633 232028 69698 197237 139255 127663 150856 429221 69733 58167 69745 139276 185660 266843 266845 266847 46679 127706 104534 162490 81386 35248 12925 46761 69850 46786 46799 6200 46826 591635 603235 591637 603237 278483 104628 116211 313280 591644 452459 533651 464061 568451 1020829 336490 24508 127851 14148 371291 545263 58605 35823 986038 24778 464083 452488 568471 475687 81720 36021 81742 116388 9600 336540 522092 58839 185869 301769 533697 151151 267003 47573 777272 
116019 162412 23278 1800 150810 23255 81214 58017 23236 34821 11652 116004 92804 150802 46405 139201 11611 34802 23202 34801 100 -1 11600 200 255200 208800 150801 324801 266801 185602 127603 266802 278402 255203 232004 208805 197206 255205 266805 278406 185610 301607 243609 324807 348008 359608 266812 348010 313212 127631 185623 127635 313215 278418 150836 185631 232026 69693 197235 139252 127660 150853 429220 69727 58159 69739 139273 185657 266841 266843 266845 46669 127702 104529 162486 81379 35232 12881 46749 69841 46774 46786 6100 46812 591634 603234 591636 603236 278481 104621 116205 313278 591643 452457 533650 464059 568449 1020828 336488 24476 127844 14091 371288 545262 58591 35799 986037 24743 464082 452486 568470 475685 81708 35996 81731 116380 9500 336537 522090 58822 185864 301766 533696 151145 266999 47551 777271 
127619 174013 11771 11755 162410 34841 92814 46424 11684 46418 1200 127605 104405 162402 58006 150802 23208 23205 11607 46401 11602 11600 -1 11600 266800 220400 162400 336400 278401 197201 139202 278401 290002 266802 243603 220404 208805 266804 278405 290005 197208 313206 255208 336407 359607 371207 278410 359609 324810 139226 197220 139230 324814 290017 162432 197228 243624 58106 185635 127654 116062 139255 417619 58145 46590 81314 127676 174058 255241 255243 255245 35143 116108 92940 150890 69802 23820 5500 58270 81400 35280 35297 13060 35331 580033 591634 580035 591636 266882 93042 104621 301679 603241 464054 545248 452459 580047 1032427 324889 13923 139418 24508 382884 533661 70081 47137 997635 35823 452482 440886 580067 487281 70179 47284 93255 104813 14931 348130 510490 70273 197443 313356 545292 162714 255404 36292 788869 
116023 162415 23295 2000 150812 23270 81218 58022 23248 34828 11673 116006 92807 150803 46409 139202 11621 34805 23205 34802 300 200 11600 -1 255200 208800 150800 324800 266800 185601 127602 266801 278401 255202 232003 208803 197204 255204 266804 278405 185608 301605 243607 324806 348006 359607 266810 348008 313210 127626 185620 127631 313213 278416 150832 185628 232023 69683 197231 139247 127654 150848 429218 69715 58145 69727 139266 185652 266838 266840 266841 46648 127694 104520 162480 81366 35201 12795 46725 69825 46749 46761 5900 46786 591631 603232 591634 603234 278476 104608 116193 313274 591640 452454 533647 464056 568447 1020827 336484 24413 127832 13979 371284 545259 58563 35753 986035 24674 464078 452482 568467 475681 81686 35945 81708 116364 9300 336531 522086 58789 185853 301759 533692 151131 266991 47508 777268 
139221 92828 278409 255209 104419 232008 174009 313205 278405 220405 266804 139206 162404 104406 208802 116003 243601 290001 278401 220401 255200 255200 266800 255200 -1 46400 104400 69601 11607 69602 127601 11621 23214 900 23222 46413 58012 1300 11684 23248 69618 46431 11739 69626 92822 104421 11807 92828 58050 127624 69649 127629 58068 23381 104443 69669 23420 324817 452413 394416 382817 406017 684411 324823 313226 185645 394422 440821 522019 522019 522020 301637 382830 359633 417630 336439 290047 266853 208870 185681 301652 301654 255266 301658 846821 858422 846823 858423 533638 359659 371259 568439 336469 197321 278488 719235 313283 765635 591646 278501 127826 243722 116262 800439 197362 220549 730846 232148 719249 707651 313318 220572 336515 220580 174233 371312 255366 81731 777257 197429 70259 47403 278572 104868 522096 301769 522100 
92834 46462 232011 208812 58038 185611 127614 266806 232006 174007 220405 92811 116007 58012 162404 69607 197202 243601 232001 174001 208801 208800 220400 208800 46400 -1 58000 116000 58001 23203 81202 58003 69604 46407 23217 1000 11652 46416 58015 69614 23248 92814 34841 116014 139213 150813 58038 139217 104425 81235 23334 81242 104435 69656 58072 23393 23406 278418 406013 348017 336418 359618 638011 278426 266829 139257 348024 394422 475619 475620 475621 255241 336433 313237 371232 290043 243653 220461 162486 139305 255259 255261 208878 255266 800422 812022 800423 812024 487241 313265 324865 522042 382859 243695 324873 672836 359670 812032 545249 232118 81546 197346 162582 754040 151007 174184 777242 185781 672851 661253 359700 266939 290130 174222 127910 324925 208998 127931 730859 151093 25070 93295 324945 58822 475703 255396 568490 
34897 11866 174017 150818 2200 127617 69629 208809 174009 116012 162408 34832 58017 1300 104407 11652 139204 185602 174002 116002 150801 150801 162400 150800 104400 58000 -1 174000 116000 34801 23203 116001 127601 104402 81204 58007 46411 104406 116006 127607 34828 150807 92814 174008 197208 208809 116017 197211 162415 23314 34883 23334 162421 127629 2800 34921 81255 220422 348015 290019 278421 301620 580011 220431 208835 81294 290028 336425 417621 417622 417623 197251 278438 255243 313237 232052 185667 162480 104529 81373 197274 197277 150904 197282 742423 754023 742424 754025 429245 255278 266877 464046 440849 301674 382860 614839 417659 870029 487253 174153 24352 139402 220531 696043 93127 116269 835238 127857 614855 603257 417684 324911 232159 116326 70154 266948 151068 185823 672863 93265 36047 151099 382920 9700 417715 197448 626480 
208817 162421 348009 324809 174015 301608 243609 382805 348005 290006 336404 208806 232005 174006 278403 185604 313202 359601 348001 290001 324801 324801 336400 324800 69601 116000 174000 -1 58000 139200 197200 58001 46403 69603 92803 116003 127603 69607 58010 46416 139206 23242 81214 1600 23262 34847 58031 23286 11789 197212 139219 197215 11866 46473 174021 139228 92845 394411 522009 464011 452412 475612 754008 394416 382818 255228 464016 510416 591614 591615 591616 371226 452422 429225 487223 406028 359633 336437 278447 255253 371238 371239 324847 371242 916418 928018 916419 928019 603231 429245 440845 638032 266879 127771 208907 788829 243698 696035 661238 348074 197335 313287 47002 870033 266911 290105 661247 301706 788842 777243 243741 151034 406089 290127 243755 440888 324922 14682 846849 266959 139510 25032 209016 174265 591680 371329 452508 
150826 104435 290012 266812 116025 243611 185613 324807 290007 232008 278406 150810 174007 116010 220404 127607 255203 301602 290002 232002 266801 266801 278401 266800 11607 58001 116000 58000 -1 81200 139200 300 11607 11611 34805 58004 69605 11635 1000 11652 81209 34824 23242 58019 81216 92816 1800 81222 46443 139216 81230 139219 46462 11866 116029 81245 34912 336412 464010 406012 394413 417613 696008 336418 324820 197235 406018 452417 533615 533616 533617 313230 394425 371227 429225 348032 301638 278443 220457 197266 313243 313245 266855 313248 858418 870019 858420 870020 545233 371250 382850 580034 324863 185714 266882 730831 301677 754032 603241 290087 139386 255304 104662 812035 208938 232128 719242 243728 730844 719246 301711 208965 348101 232156 185799 382899 266945 70167 788851 208998 81720 36021 266966 116388 533686 313350 510494 
69660 23368 208817 185618 34890 162418 104425 243610 208811 150813 197209 69623 92816 34837 139208 46421 174005 220403 208803 150803 185602 185602 197201 185601 69602 23203 34801 139200 81200 -1 58000 81200 92800 69601 46403 23208 11621 69605 81205 92805 1100 116006 58015 139207 162407 174007 81218 162410 127614 58034 2100 58042 127621 92831 34890 2600 46478 255215 382811 324814 313215 336415 614809 255223 243625 116056 324821 371219 452417 452418 452419 232038 313230 290033 348029 266840 220450 197258 139286 116108 232056 232058 185676 232063 777219 788820 777221 788821 464038 290062 301662 498839 406049 266877 348061 649634 382859 835228 522046 208917 58433 174149 185744 730837 127820 150991 800437 162587 649648 638050 382886 290116 266929 151034 104745 301723 185804 151057 707656 127917 9100 116364 348124 36047 452500 232199 591680 
11982 34921 150826 127629 23345 104430 46462 185614 150816 92824 139214 11755 34847 23262 81216 11697 116008 162405 150805 92807 127604 127603 139202 127602 127601 81202 23203 197200 139200 58000 -1 139200 150800 127600 104401 81202 69603 127602 139202 150803 58009 174003 116006 197204 220404 232005 139209 220407 185609 1900 58034 2100 185613 150818 23324 58054 104432 197218 324812 266816 255218 278417 556809 197228 185631 58106 266824 313222 394418 394419 394420 174048 255235 232040 290033 208848 162465 139279 81342 58207 174072 174075 127706 174081 719220 730821 719222 730822 406041 232075 243674 440842 464041 324861 406050 591636 440849 893225 464050 150958 7000 116217 243706 672840 69992 93103 858434 104684 591651 580054 440873 348094 208961 93170 47154 243748 127889 208981 649660 70167 58694 174238 406104 24995 394512 174259 649671 
150832 104443 290014 266815 116031 243614 185617 324809 290009 232010 278408 150813 174010 116014 220407 127610 255204 301603 290003 232003 266802 266802 278401 266801 11621 58003 116001 58001 300 81200 139200 -1 11600 11602 34801 58001 69602 11616 700 11628 81205 34814 23226 58012 81210 92811 1500 81216 46431 139212 81222 139214 46447 11807 116023 81235 34890 336410 464008 406010 394411 417611 696007 336415 324817 197229 406015 452414 533613 533614 533614 313226 394421 371224 429222 348028 301634 278438 220450 197258 313238 313240 266849 313243 858416 870017 858418 870018 545230 371245 382845 580031 324857 185704 266874 730828 301670 754029 603237 290080 139371 255296 104641 812032 208928 232118 719239 243719 730841 719242 301703 208953 348094 232145 185785 382892 266935 70129 788848 208985 81686 35945 266955 116364 533681 313341 510488 
162432 116041 301615 278415 127631 255214 197217 336409 301610 243611 290008 162414 185611 127614 232007 139210 266805 313204 301603 243603 278403 278402 290002 278401 23214 69604 127601 46403 11607 92800 150800 11600 -1 23200 46400 69601 81201 23205 11616 700 92803 23217 34814 46413 69610 81210 11684 69616 34837 150810 92817 150812 34857 2100 127619 92828 46462 348009 475607 417609 406010 429210 707606 348014 336415 208826 417614 464013 545212 545213 545213 324823 406020 382822 440820 359626 313231 290035 232046 208853 324835 324837 278445 324840 870016 881616 870017 881617 556828 382842 394443 591629 313257 174107 255275 742427 290071 742428 614835 301674 150953 266889 93064 823631 220518 243709 707639 255310 742439 730841 290105 197358 359689 243735 197370 394487 278527 58620 800446 220572 93216 24849 255359 127924 545278 324933 498889 
139239 92855 278417 255218 104440 232017 174021 313211 278411 220413 266810 139217 162414 104419 208809 116014 243606 290004 278404 220404 255203 255203 266802 255202 900 46407 104402 69603 11611 69601 127600 11602 23200 -1 23200 46400 58001 400 11611 23208 69604 46407 11635 69607 92807 104407 11673 92811 58019 127610 69621 127613 58031 23286 104421 69635 23314 324809 452407 394409 382810 406010 684406 324814 313215 185628 394414 440813 522012 522012 522013 301624 382820 359622 417620 336426 290032 266836 208848 185657 301637 301638 255247 301641 846815 858416 846817 858417 533628 359644 371244 568430 336452 197291 278467 719227 313263 765627 591636 278478 127776 243695 116205 800431 197328 220518 730836 232118 719239 707641 313295 220538 336493 220545 174188 371291 255335 81633 777246 197387 70142 47227 278542 104787 522079 301740 522083 
116050 69678 255220 232021 81255 208820 150826 290013 255213 197216 243612 116023 139217 81227 185611 92819 220407 266805 255205 197206 232004 232004 243603 232003 23222 23217 81204 92803 34805 46403 104401 34801 46400 23200 -1 23200 34801 23202 34802 46403 46404 69604 11628 92804 116004 127605 34821 116007 81212 104411 46428 104414 81220 46439 81225 46447 2200 301609 429207 371208 359609 382810 661206 301614 290016 162430 371214 417613 498812 498812 498813 278425 359620 336423 394420 313227 266833 243638 185652 162462 278438 278440 232050 278443 823615 835216 823616 835217 510429 336445 348045 545230 359647 220479 301660 696027 336457 788825 568436 255283 104608 220502 139366 777231 174141 197328 754034 208928 696039 684441 336486 243722 313297 197358 151012 348094 232145 104729 754047 174207 47190 70142 301728 81686 498881 278549 545278 
92866 46524 232023 208825 58083 185624 127633 266815 232016 174019 220414 92831 116023 58042 162414 69629 197209 243607 232006 174007 208805 208805 220404 208803 46413 1000 58007 116003 58004 23208 81202 58001 69601 46400 23200 -1 11600 46400 58001 69601 23205 92802 34807 116003 139203 150803 58010 139205 104408 81212 23248 81216 104414 69623 58031 23286 23295 278409 406007 348008 336409 359609 638006 278414 266816 139232 348014 394413 475611 475612 475613 255225 336420 313223 371220 290028 243635 220440 162457 139270 255240 255241 208853 255245 800415 812015 800416 812017 487229 313247 324847 522030 382842 243669 324854 672827 359652 812024 545236 232088 81460 197310 162538 754031 150958 174141 777232 185740 672840 661241 359678 266908 290102 174175 127844 324899 208957 127863 730847 151034 24708 93198 324916 58664 475683 255359 568473 
81280 34976 220426 197228 46510 174028 116039 255216 220418 162422 208816 81238 104428 46457 150816 58038 185611 232008 220407 162409 197206 197206 208805 197204 58012 11652 46411 127603 69605 11621 69603 69602 81201 58001 34801 11600 -1 58000 69600 81201 11607 104401 46404 127602 150802 162402 69607 150804 116006 69612 11684 69616 116011 81218 46435 11755 34857 266808 394406 336408 324809 348009 626405 266814 255215 127633 336413 382813 464011 464012 464012 243625 324820 301623 359620 278427 232034 208840 150858 127672 243640 243642 197254 243645 788815 800415 788816 800416 475628 301647 313247 510430 394440 255264 336450 661226 371248 823623 533636 220490 69894 185714 174125 742430 139366 162547 788831 174145 661239 649641 371274 278501 278504 162582 116262 313300 197362 139435 719247 139447 14322 104745 336510 47209 464083 243763 580070 
139249 92870 278422 255223 104452 232022 174028 313214 278415 220418 266814 139224 162419 104428 208813 116021 243609 290007 278406 220407 255206 255205 266804 255204 1300 46416 104406 69607 11635 69605 127602 11616 23205 400 23202 46400 58000 -1 11600 23201 69601 46402 11611 69603 92803 104403 11635 92805 58010 127606 69612 127608 58019 23255 104414 69623 23278 324806 452405 394406 382807 406007 684405 324810 313212 185621 394411 440810 522009 522010 522010 301619 382816 359618 417616 336421 290026 266830 208840 185648 301631 301632 255240 301635 846813 858413 846814 858415 533624 359638 371238 568426 336445 197279 278458 719223 313256 765624 591631 278469 127755 243684 116182 800427 197314 220505 730833 232106 719235 707637 313285 220524 336484 220531 174170 371282 255322 81593 777242 197370 70093 47154 278530 104754 522072 301728 522076 
150848 104466 290022 266823 116050 243622 185628 324815 290016 232018 278414 150824 174019 116027 220413 127621 255209 301607 290007 232008 266806 266805 278405 266804 11684 58015 116006 58010 1000 81205 139202 700 11616 11611 34802 58001 69600 11600 -1 11600 81200 34801 23203 58002 81202 92803 800 81205 46411 139204 81209 139206 46421 11697 116011 81218 34847 336405 464004 406005 394406 417606 696004 336409 324810 197218 406010 452409 533608 533609 533610 313217 394415 371217 429215 348020 301624 278427 220436 197243 313228 313230 266836 313232 858412 870013 858413 870014 545223 371235 382835 580024 324845 185681 266859 730822 301656 754023 603230 290064 139338 255278 104596 812026 208904 232097 719232 243698 730834 719235 301686 208928 348079 232121 185756 382877 266914 70047 788841 208957 81613 35776 266932 116311 533669 313321 510476 
162447 116062 301623 278423 127648 255223 197228 336415 301616 243618 290014 162424 185620 127626 232013 139221 266810 313208 301607 243608 278406 278406 290005 278405 23248 69614 127607 46416 11652 92805 150803 11628 700 23208 46403 69601 81201 23201 11600 -1 92800 23201 34801 46402 69602 81202 11621 69605 34812 150803 92807 150805 34824 1400 127609 92814 46431 348005 475604 417605 406005 429206 707604 348008 336409 208816 417609 464008 545208 545208 545209 324816 406013 382815 440814 359618 313222 290025 232033 208838 324826 324827 278433 324830 870012 881612 870013 881613 556822 382833 394433 591623 313245 174084 255259 742421 290056 742423 614828 301660 150923 266872 93014 823625 220496 243689 707632 255291 742432 730834 290087 197331 359674 243712 197343 394473 278506 58522 800439 220545 93153 24607 255335 127876 545266 324914 498876 
69715 23526 208835 185637 34986 162438 104455 243622 208825 150832 197223 69660 92842 34905 139224 46467 174017 220412 208812 150815 185611 185610 197208 185608 69618 23248 34828 139206 81209 1100 58009 81205 92803 69604 46404 23205 11607 69601 81200 92800 -1 116000 58000 139200 162400 174001 81202 162402 127603 58007 1000 58010 127606 92809 34828 1500 46428 255206 382804 324806 313206 336407 614804 255210 243612 116027 324810 371210 452409 452409 452410 232021 313216 290019 348017 266823 220429 197235 139252 116066 232034 232036 185648 232040 777212 788813 777214 788814 464025 290041 301641 498826 406033 266853 348042 649623 382841 835219 522032 208883 58310 174107 185704 730827 127760 150940 800427 162538 649636 638037 382864 290087 266897 150977 104662 301693 185756 150996 707643 127844 8000 116282 348097 35776 452478 232156 591663 
185645 139257 324823 301624 150845 278423 220428 359616 324817 266819 313215 185624 208820 150826 255214 162421 290011 336409 324808 266809 301607 301607 313206 301605 46431 92814 150807 23242 34824 116006 174003 34814 23217 46407 69604 92802 104401 46402 34801 23201 116000 -1 58000 23201 46401 58001 34804 46404 11621 174002 116003 174003 11652 23231 150806 116008 69616 371203 498803 440804 429204 452404 730803 371207 359607 232012 440807 487207 568406 568407 568407 348013 429211 406013 464012 382815 336418 313221 255227 232031 348022 348023 301628 348025 893210 904811 893211 904812 580019 406028 417629 614820 290045 150890 232061 765619 266857 719222 638025 324852 174100 290062 69867 846823 243681 266877 684431 278478 765629 754031 266889 174141 382866 266897 220521 417666 301693 35620 823636 243725 116269 8000 232141 151023 568461 348101 475676 
127669 81303 266830 243631 92878 220431 162440 301620 266822 208826 255220 127638 150830 92845 197220 104435 232015 278411 266811 208813 243610 243609 255208 243607 11739 34841 92814 81214 23242 58015 116006 23226 34814 11635 11628 34807 46404 11611 23203 34801 58000 58000 -1 81200 104400 116000 23203 104401 69603 116002 58006 116003 69607 34817 92808 58015 11684 313204 440803 382804 371204 394405 672803 313207 301608 174015 382808 429207 510407 510407 510408 290014 371212 348014 406013 324817 278421 255224 197233 174039 290025 290026 243633 290029 835211 846811 835212 846812 522020 348032 359632 556822 348036 208862 290047 707620 324845 777219 580027 266861 116145 232075 127741 788824 185704 208895 742428 220496 707631 696032 324871 232103 324875 208921 162560 359674 243712 93103 765638 185760 58522 58536 290110 93153 510466 290119 533666 
208844 162454 348024 324825 174044 301624 243628 382817 348018 290020 336416 208825 232021 174026 278415 185621 313212 359609 348009 290010 324808 324807 336407 324806 69626 116014 174008 1600 58019 139207 197204 58012 46413 69607 92804 116003 127602 69603 58002 46402 139200 23201 81200 -1 23200 34801 58001 23203 11611 197201 139202 197202 11635 46411 174003 139205 92809 394402 522002 464003 452403 475603 754002 394405 382806 255209 464006 510406 591605 591606 591606 371211 452409 429210 487210 406013 359615 336417 278422 255225 371218 371219 324823 371222 916409 928010 916410 928010 603217 429225 440825 638018 266845 127698 208862 788817 243658 696021 661223 348045 197282 313254 46774 870021 266870 290066 661230 301668 788827 777228 243692 150953 406059 290084 243703 440859 324882 13759 846833 266908 139413 24476 208949 174184 591655 371291 452476 
232042 185650 371224 348024 197241 324823 266827 406017 371217 313220 359616 232023 255220 197224 301615 208820 336412 382810 371209 313210 348008 348008 359607 348006 92822 139213 197208 23262 81216 162407 220404 81210 69610 92807 116004 139203 150802 92803 81202 69602 162400 46401 104400 23200 -1 11600 81200 300 34802 220401 162401 220401 34809 69606 197203 162404 116006 417602 545202 487202 475603 498803 777202 417604 406005 278408 487205 533605 614805 614805 614805 394409 475608 452409 510409 429211 382813 359615 301619 278422 394416 394417 348021 394419 939609 951209 939609 951210 626415 452422 464023 661217 243647 104515 185667 812016 220461 672821 684421 371241 220471 336448 23914 893219 290062 313259 638030 324861 812025 800426 220499 127776 429254 313276 266892 464054 348074 13706 870031 290097 162578 47035 185764 197358 614852 394483 429278 
243642 197249 382824 359625 208840 336424 278427 417617 382818 324820 371217 243624 266820 208825 313215 220420 348012 394410 382810 324810 359609 359608 371207 359607 104421 150813 208809 34847 92816 174007 232005 92811 81210 104407 127605 150803 162402 104403 92803 81202 174001 58001 116000 34801 11600 -1 92800 11602 46401 232000 174001 232001 46405 81204 208802 174003 127605 429202 556802 498802 487202 510403 788802 429204 417604 290007 498804 545204 626404 626405 626405 406008 487207 464008 522008 440810 394412 371214 313217 290020 406015 406016 359619 406018 951208 962808 951209 962809 638014 464021 475621 672816 232048 92924 174069 823615 208862 661220 696020 382838 232065 348045 12925 904819 301658 324855 626430 336457 823624 812025 208901 116188 440851 324871 278485 475652 359670 24292 881630 301691 174162 58496 174170 208946 626450 406079 417679 
