NAME : burma14_Li
TYPE : BWTSP
DIMENSION : 14
EDGE_WEIGHT_TYPE : EXPLICIT
EDGE_WEIGHT_FORMAT : FULL_MATRIX
EDGE_WEIGHT_SECTION
-1 38 108 236 326 230 268 261 299 367 372 453 457 489 
38 -1 87 221 311 201 238 224 262 334 335 420 421 453 
108 87 -1 136 225 126 165 207 249 347 305 354 372 409 
236 221 136 -1 90 104 127 266 303 423 326 298 351 394 
326 311 225 90 -1 159 160 323 354 479 357 277 352 396 
230 201 126 104 159 -1 40 166 201 324 224 231 263 303 
268 238 165 127 160 40 -1 166 195 321 203 192 228 270 
261 224 207 266 323 166 166 -1 42 158 114 256 218 241 
299 262 249 303 354 201 195 42 -1 127 86 252 199 216 
367 334 347 423 479 324 321 158 127 -1 168 355 276 274 
372 335 305 326 357 224 203 114 86 168 -1 187 116 130 
453 420 354 298 277 231 192 256 252 355 187 -1 102 139 
457 421 372 351 352 263 228 218 199 276 116 102 -1 44 
489 453 409 394 396 303 270 241 216 274 130 139 44 -1 
