NAME : d198_Li
TYPE : BWTSP
DIMENSION : 198
EDGE_WEIGHT_TYPE : EXPLICIT
EDGE_WEIGHT_FORMAT : FULL_MATRIX
EDGE_WEIGHT_SECTION
-1 113870 117747 121978 126162 122076 118341 161393 164222 165677 167158 168665 170195 172816 169235 162826 164843 177223 181446 187861 193442 187218 183128 192825 196370 195828 193801 189785 185820 189394 187144 189071 192969 194938 202481 192652 190727 186921 200120 161539 168763 181295 183072 186681 192218 197894 201749 209616 213184 209232 205329 201478 197683 193947 188460 186664 181385 183250 188478 190257 195693 199396 216754 212489 204858 197456 192070 190308 185132 194312 187030 192155 193899 199236 202875 210332 212232 214144 221587 219651 210164 202828 201033 195745 190615 190870 197606 202845 206420 208231 221311 223232 219211 217343 215489 211823 206437 204673 199482 194450 219080 220933 226389 228267 232063 237846 239796 247705 247302 245332 243373 239487 237561 235647 242473 244333 246206 249987 251895 253814 247858 244176 256035 264562 270365 273301 278240 282935 281432 277522 275581 277231 279161 278896 280814 282742 290077 272186 263906 280573 282480 282263 284159 287979 287744 285850 283966 285681 287554 291330 295145 289271 287409 267826 269535 271258 272994 274742 278274 285939 289149 290999 300403 304231 310041 311995 246293 256834 268744 276665 292054 298978 378927 386025 388089 381029 389927 397215 402081 397957 388261 379992 389037 398714 403562 423605 416365 395185 388004 390643 397776 418825 426023 401362 409873 417225 415306 407919 
113870 -1 7620 15240 16064 9158 5080 48527 52116 54001 55938 57921 59946 77251 74357 73660 76200 91440 96520 104140 104634 97053 92003 102391 105249 103144 100643 95647 90661 93671 89334 91792 96720 99190 107193 94902 92457 87584 102925 62269 65105 77376 79717 84434 91581 98799 103643 113393 116536 111673 106831 102012 97219 92457 85383 83047 76115 77251 84089 86397 93395 98111 119704 113279 103768 94391 87473 85194 78453 89746 79717 86360 88609 95445 100064 109427 111789 114159 122184 119812 108062 98832 96553 89803 83202 82423 91051 97716 102233 104511 120750 123105 117088 114779 112479 107913 101155 98930 92353 85948 115870 118158 123836 126133 130755 137747 140092 149537 148106 145757 143414 138750 136429 134116 138657 140896 143144 147670 149946 152231 143830 139411 152342 162441 169268 172706 178470 183924 180626 176068 173800 174965 177218 176160 178398 180644 188793 167933 158185 177382 179605 178633 180840 185281 184303 182102 179910 181214 183391 187771 192186 184705 182545 159070 161065 163075 165100 167139 171257 180175 183900 186045 196911 201318 207986 210222 152823 165100 168178 177437 194452 199063 310093 317453 317578 310221 317866 325477 330552 325606 315461 306115 315615 325754 330825 349124 341536 319257 311675 312534 320096 342320 349891 330444 340209 347827 347713 340093 
117747 7620 -1 7620 9158 5080 9158 43700 46835 48527 50289 52116 54001 69746 66817 66040 68580 83820 88900 96520 97053 89479 84434 94834 97716 95647 93153 88171 83202 86248 81991 84434 89334 91792 99806 87584 85156 80322 95613 54831 58032 70436 72735 77376 84434 91581 96386 106074 109250 104418 99612 94834 90089 85383 78412 76115 69329 70574 77251 79515 86397 91051 112451 106134 96720 87473 80682 78453 71887 82966 73265 79717 81913 88609 93153 102391 104727 107072 115088 112737 101123 92038 89803 83202 76790 76200 84548 91051 95478 97716 113734 116064 110190 107913 105647 101155 94528 92353 85948 79758 109072 111326 117006 119272 123836 130755 133078 142444 141079 138750 136429 131811 129515 127228 132007 134212 136429 140896 143144 145403 137219 132871 145718 155688 162441 165846 171558 176968 173800 169287 167042 168255 170483 169496 171709 173930 182023 161410 151817 170767 172963 172065 174245 178633 177727 175554 173391 174744 176891 181214 185577 178253 176123 153181 155127 157090 159070 161065 165100 173861 177528 179641 190364 194720 201318 203533 145491 157726 161305 170483 187422 192201 302473 309833 309961 302604 310255 317866 322940 317997 307854 298512 308011 318150 323219 341536 333949 311675 304094 304975 312534 334751 342320 322830 332592 340209 340093 332473 
121978 15240 7620 -1 5080 9158 16064 39757 42274 43700 45223 46835 48527 62269 59297 58420 60960 76200 81280 88900 89479 81913 76874 87289 90197 88171 85685 80722 75775 78863 74704 77126 81991 84434 92457 80322 77916 73133 88354 47451 51117 63652 65893 70436 77376 84434 89190 98799 102012 97219 92457 87731 83047 78412 71572 69329 62733 64107 70574 72779 79515 84089 105249 99060 89767 80682 74053 71887 65550 76344 67058 73265 75391 81913 86360 95445 97749 100064 108062 105738 94288 85383 83202 76790 70619 70253 78247 84548 88864 91051 106801 109102 103394 101155 98930 94528 88061 85948 79758 73835 102391 104604 110278 112508 117006 123836 126133 135408 134116 131811 129515 124951 122685 120429 125467 127633 129814 134212 136429 138657 130717 126453 139197 149018 155688 159055 164709 170069 167042 162580 160362 161625 163825 162917 165100 167293 175323 154987 145569 164238 166404 165588 167736 172065 171238 169096 166965 168370 170483 174744 179047 171896 169800 147451 149342 151253 153181 155127 159070 167655 171257 173335 183900 188200 194720 196911 138191 150376 154502 163589 180440 185400 294853 302213 302344 294988 302644 310255 315328 310390 300247 290911 300408 310546 315615 333949 326363 304094 296516 297419 304975 327184 334751 315216 324975 332592 332473 324853 
126162 16064 9158 5080 -1 7620 15240 35287 38100 39676 41348 43105 44937 61434 58640 58640 61171 76369 81439 89045 89045 81439 76369 86696 89479 87289 84777 79758 74747 77709 73309 75775 80722 83202 91193 78863 76411 71527 86881 46351 49056 61382 63703 68392 75520 82735 87584 97352 100483 95613 90767 85948 81161 76411 69375 67058 60215 61434 68155 70436 77376 82070 103643 97219 87731 78412 71572 69329 62733 73853 64107 70574 72779 79515 84089 93395 95748 98111 106134 103768 92073 82930 80682 74053 67633 67058 75391 81913 86360 88609 104727 107072 101123 98832 96553 92038 85383 83202 76790 70619 99968 102233 107913 110190 114779 121735 124071 133489 132080 129739 127406 122764 120456 118158 122869 125080 127304 131787 134044 136311 128075 123719 136577 146574 153350 156767 162500 167932 164709 160181 157930 159131 161365 160362 162580 164807 172914 152257 142659 161625 163825 162917 165100 169496 168580 166404 164238 165588 167736 172065 176434 169096 166965 144088 146022 147975 149946 151934 155957 164704 168370 170483 181214 185577 192186 194405 136783 149083 152231 161445 178426 183124 294873 302233 302236 294876 302431 310047 315124 310140 299989 290600 300107 310255 315328 333509 325914 303612 296022 296796 304367 326617 334197 315052 324874 332493 332490 324871 
122076 9158 5080 9158 7620 -1 7620 39676 43105 44937 46835 48792 50800 69002 66235 66235 68768 83974 89045 96654 96654 89045 83974 94288 97053 94834 92318 87289 82266 85194 80722 83202 88171 90661 98636 86248 83782 78863 94254 53882 56225 68392 70756 75520 82735 90018 94902 104727 107823 102925 98045 93187 88354 83550 76411 74053 67058 68155 75048 77376 84434 89190 110949 104418 94834 85383 78412 76115 69329 80680 70574 77251 79515 86397 91051 100483 102862 105249 113279 110891 99060 89767 87473 80682 74053 73265 81913 88609 93153 95445 111789 114159 108062 105738 103425 98832 92038 89803 83202 76790 106801 109102 114779 117088 121735 128766 131124 140621 139145 136783 134428 129739 127406 125080 129540 131787 134044 138587 140873 143167 134704 130273 143217 153350 160201 163653 169439 174915 171558 166984 164709 165860 168120 167042 169287 171539 179704 158791 149029 168255 170483 169496 171709 176160 175168 172963 170767 172065 174245 178633 183056 175554 173391 149946 151934 153937 155957 157991 162103 171017 174744 176891 187771 192186 198868 201110 144155 156494 159131 168427 185484 190007 302493 309852 309855 302496 310047 317663 322740 317754 307602 298210 307718 317866 322940 341106 333509 311204 303612 304367 311941 334197 341778 322670 332493 340113 340110 332490 
118341 5080 9158 16064 15240 7620 -1 44937 48792 50800 52854 54949 57079 76580 73835 73835 76369 91581 96654 104264 104264 96654 91581 101885 104634 102391 99871 94834 89803 92701 88171 90661 95647 98144 106104 93671 91193 86248 101663 61434 63500 75520 77916 82735 90018 97352 102265 112135 115200 110278 105372 100483 95613 90767 83550 81161 74053 75048 82070 84434 91581 96386 118294 111673 102012 92457 85383 83047 76115 87637 77251 84089 86397 93395 98111 107643 110044 112451 120483 118076 106134 96720 94391 87473 80682 79717 88609 95445 100064 102391 118920 121310 115088 112737 110395 105738 98832 96553 89803 83202 113734 116064 121735 124071 128766 135860 138238 147801 146265 143886 141512 136783 134428 132080 136311 138587 140873 145469 147779 150097 141433 136936 149951 160201 167120 170601 176434 181949 178470 173856 171558 172664 174947 173800 176068 178343 186558 165417 155511 174965 177218 176160 178398 182898 181836 179605 177382 178633 180840 185281 189753 182102 179910 155957 157991 160040 162103 164179 168370 177433 181214 183391 194405 198868 205615 207877 151551 163924 166093 175462 192585 196945 310112 317471 317474 310115 317663 325279 330356 325368 315216 305820 315328 325477 330552 348704 341106 318798 311204 311941 319517 341778 349362 330288 340113 347732 347730 340110 
161393 48527 43700 39757 35287 39676 44937 -1 5080 7620 10160 12700 15240 48858 47925 54001 55938 68392 72779 79515 75520 68392 63703 72290 73966 70847 68392 63500 58640 60375 54831 57305 62269 64758 71842 59297 56796 51806 66478 36100 30691 38437 40956 46001 53581 61171 66235 76369 78781 73704 68627 63551 58475 53400 45791 43255 35651 35560 43180 45720 53340 58420 81280 73704 63551 53400 45791 43255 35651 47782 35921 43478 46001 53581 58640 68768 71301 73835 81636 79108 66478 56397 53882 46351 38855 36983 46835 54299 59297 61801 79393 81913 74747 72245 69746 64758 57305 54831 47451 40161 72735 75220 80722 83202 88171 95647 98144 108152 106104 103612 101123 96152 93671 91193 93980 96386 98799 103643 106074 108509 98848 94100 107321 118076 125312 128947 135027 140764 136547 131738 129341 130211 132592 131124 133489 135860 144278 122244 111890 132080 134428 133078 135408 140092 138750 136429 134116 135194 137489 142104 146750 138587 136311 111326 113422 115535 117665 119812 124149 133543 137465 139723 151146 155771 162758 165100 114413 127102 124564 134332 151799 155063 279169 286475 285666 278339 285205 292806 297874 292641 282500 272846 282352 292497 297571 314718 307098 284721 277101 277091 284711 307089 314709 298058 308216 315808 316540 308965 
164222 52116 46835 42274 38100 43105 48792 5080 -1 2540 5080 7620 10160 44432 43700 50289 52116 64107 68392 75005 70756 63703 59079 67489 69095 65942 63500 58640 53822 55474 49903 52363 57305 59784 66817 54299 51806 46835 61434 32329 26151 33408 35921 40956 48527 56110 61171 71301 73704 68627 63551 58475 53400 48327 40719 38185 30586 30480 38100 40640 48260 53340 76200 68627 58475 48327 40719 38185 30586 42720 30900 38437 40956 48527 53581 63703 66235 68768 76580 74053 61434 51368 48858 41348 33888 32129 41891 49318 54299 56796 74357 76874 69746 67250 64758 59784 52363 49903 42578 35378 67776 70253 75775 78247 83202 90661 93153 103144 101123 98636 96152 91193 88718 86248 89190 91581 93980 98799 101218 103643 94100 89389 102587 113279 120483 124103 130161 135881 131738 126949 124564 125467 127835 126414 128766 131124 139518 117617 107358 127406 129739 128440 130755 135408 134116 131811 129515 130631 132908 137489 142104 134044 131787 107193 109250 111326 113422 115535 119812 129097 132981 135218 146552 151146 158093 160423 109338 122026 119704 129440 146887 150258 274128 281432 280609 273283 280138 287738 292806 287570 277430 267774 277279 287424 292497 309638 302019 279641 272022 272012 279631 302010 309629 292993 303155 310746 311490 303917 
165677 54001 48527 43700 39676 44937 50800 7620 2540 -1 2540 5080 7620 42274 41659 48527 50289 62009 66235 72779 68392 61382 56796 65105 66672 63500 61066 56225 51431 53037 47451 49903 54831 57305 64308 51806 49318 44359 58915 30586 23962 30900 33408 38437 46001 53581 58640 68768 71165 66089 61013 55938 50863 45791 38185 35651 28055 27940 35560 38100 45720 50800 73660 66089 55938 45791 38185 35651 28055 40191 28398 35921 38437 46001 51053 61171 63703 66235 74053 71527 58915 48858 46351 38855 31418 29730 39431 46835 51806 54299 71842 74357 67250 64758 62269 57305 49903 47451 40161 33020 65303 67776 73309 75775 80722 88171 90661 100643 98636 96152 93671 88718 86248 83782 86807 89190 91581 96386 98799 101218 91739 87048 100233 110891 118076 121688 127734 133445 129341 124564 122184 123105 125467 124071 126414 128766 137146 115319 105111 125080 127406 126133 128440 133078 131811 129515 127228 128364 130631 135194 139792 131787 129540 105157 107193 109250 111326 113422 117665 126892 130755 132981 144267 148845 155771 158093 106801 119488 117281 127000 144436 147862 271608 278911 278080 270755 277605 285205 290272 285035 274896 265238 274743 284888 289961 307098 299479 277101 269482 269472 277091 299470 307089 290461 300625 308216 308965 301393 
167158 55938 50289 45223 41348 46835 52854 10160 5080 2540 -1 2540 5080 40161 39676 46835 48527 59946 64107 70574 66040 59079 54536 62733 64257 61066 58640 53822 49056 50609 45009 47451 52363 54831 61801 49318 46835 41891 56397 28960 21850 28398 30900 35921 43478 51053 56110 66235 68627 63551 58475 53400 48327 43255 35651 33118 25527 25400 33020 35560 43180 48260 71120 63551 53400 43255 35651 33118 25527 37663 25903 33408 35921 43478 48527 58640 61171 63703 71527 69002 56397 46351 43847 36367 28960 27357 36983 44359 49318 51806 69329 71842 64758 62269 59784 54831 47451 45009 37760 30691 62836 65303 70847 73309 78247 85685 88171 98144 96152 93671 91193 86248 83782 81320 84434 86807 89190 93980 96386 98799 89389 84720 97889 108509 115675 119279 125312 131012 126949 122184 119812 120750 123105 121735 124071 126414 134781 113030 102878 122764 125080 123836 126133 130755 129515 127228 124951 126108 128364 132908 137489 129540 127304 103144 105157 107193 109250 111326 115535 124699 128540 130755 141990 146552 153455 155771 104264 116950 114863 124564 141987 145472 269088 276390 275552 268227 275072 282671 287738 282500 272361 262702 272207 282352 287424 304559 296939 274562 266943 266932 274552 296930 304550 287929 298095 305685 306441 298870 
168665 57921 52116 46835 43105 48792 54949 12700 7620 5080 2540 -1 2540 38100 37760 45223 46835 57921 62009 68392 63703 56796 52302 60375 61853 58640 56225 51431 46697 48193 42578 45009 49903 52363 59297 46835 44359 39431 53882 27474 19838 25903 28398 33408 40956 48527 53581 63703 66089 61013 55938 50863 45791 40719 33118 30586 23001 22860 30480 33020 40640 45720 68580 61013 50863 40719 33118 30586 23001 35137 23418 30900 33408 40956 46001 56110 58640 61171 69002 66478 53882 43847 41348 33888 26518 25016 34548 41891 46835 49318 66817 69329 62269 59784 57305 52363 45009 42578 35378 28398 60375 62836 68392 70847 75775 83202 85685 95647 93671 91193 88718 83782 81320 78863 82070 84434 86807 91581 93980 96386 87048 82403 95554 106134 113279 116875 122895 128584 124564 119812 117446 118403 120750 119407 121735 124071 132422 110752 100659 120456 122764 121549 123836 128440 127228 124951 122685 123862 126108 130631 135194 127304 125080 101155 103144 105157 107193 109250 113422 122520 126338 128540 139723 144267 151146 153455 101727 114413 112451 122131 139542 143086 266569 273870 273024 265700 272539 280138 285205 279965 269826 260167 269671 279815 284888 302019 294400 272022 264403 264393 272012 294390 302010 285397 295565 303155 303917 296347 
170195 59946 54001 48527 44937 50800 57079 15240 10160 7620 5080 2540 -1 36100 35921 43700 45223 55938 59946 66235 61382 54536 50097 58032 59460 56225 53822 49056 44359 45791 40161 42578 47451 49903 56796 44359 41891 36983 51368 26151 17961 23418 25903 30900 38437 46001 51053 61171 63551 58475 53400 48327 43255 38185 30586 28055 20478 20320 27940 30480 38100 43180 66040 58475 48327 38185 30586 28055 20478 32613 20945 28398 30900 38437 43478 53581 56110 58640 66478 63956 51368 41348 38855 31418 24097 22718 32129 39431 44359 46835 64308 66817 59784 57305 54831 49903 42578 40161 33020 26151 57921 60375 65942 68392 73309 80722 83202 93153 91193 88718 86248 81320 78863 76411 79717 82070 84434 89190 91581 93980 84720 80101 93230 103768 110891 114476 120483 126161 122184 117446 115088 116064 118403 117088 119407 121735 130070 108487 98456 118158 120456 119272 121549 126133 124951 122685 120429 121629 123862 128364 132908 125080 122869 99190 101155 103144 105157 107193 111326 120355 124149 126338 137465 141990 148845 151146 99190 111875 110044 119704 137100 140706 264050 271350 270496 263173 270006 277605 282671 277430 267292 257631 267135 277279 282352 299479 291860 269482 261863 261853 269472 291850 299470 282865 293035 300625 301393 293824 
172816 77251 69746 62269 61434 69002 76580 48858 44432 42274 40161 38100 36100 -1 3592 12952 12700 19838 23962 30691 28055 20478 15450 25400 28055 25903 23418 18491 13678 17039 14368 16264 20478 22718 30691 19838 17961 14811 27474 15240 18316 18491 17961 17961 20478 25145 28960 37503 40956 36632 32528 28737 25400 22718 20478 20320 21702 24097 22860 23001 25016 27474 44432 39676 32528 27357 25527 25400 26518 27039 28960 27940 28055 29730 31826 37760 39513 41348 48792 46835 38100 33020 32129 30586 30900 33888 33118 34548 36367 37503 48527 50418 46835 45223 43700 40956 37760 36983 35651 35921 47247 48792 54001 55707 59297 65056 67058 75391 74704 72646 70619 66672 64758 62887 70253 71932 73660 77251 79108 81002 75626 72401 83560 91757 97584 100587 105708 110639 108717 104727 102768 104418 106347 106104 108002 109927 117325 99717 92230 107823 109692 109574 111413 115172 115003 113165 111355 113165 114947 118594 122343 116757 115003 98930 100193 101505 102862 104264 107193 113923 116868 118594 127633 131419 137254 139237 76411 88354 96017 104264 120342 126517 234163 241515 241278 233919 241313 248933 254013 248972 238814 229367 238882 249037 254114 272153 264551 242232 234636 235365 242939 265198 272782 254000 263916 271535 271745 264132 
169235 74357 66817 59297 58640 66235 73835 47925 43700 41659 39676 37760 35921 3592 -1 10160 10473 20478 25016 32129 30480 22860 17780 28055 30900 28960 26518 21702 17039 20478 17961 19838 23962 26151 34078 23418 21553 18316 31005 12952 17961 20478 20320 20945 23962 28737 32528 40956 44432 40161 36100 32329 28960 26151 23418 23001 23418 25903 25527 25903 28398 31005 47925 43255 36100 30691 28398 28055 28398 30035 30900 30586 30900 33020 35287 41348 43105 44937 52363 50418 41659 36367 35378 33408 33118 35921 35921 37760 39757 40956 52116 54001 50418 48792 47247 44432 41035 40161 38437 38185 50800 52363 57586 59297 62887 68627 70619 78904 78247 76200 74184 70253 68344 66478 73835 75520 77251 80842 82696 84586 79210 75967 87150 95343 101155 104148 109250 114160 112278 108301 106347 108002 109927 109692 111587 113507 120892 103308 95799 111413 113279 113165 115003 118757 118594 116757 114947 116757 118539 122184 125929 120349 118594 102391 103674 105004 106377 107793 110745 117506 120456 122184 131222 135003 140827 142806 79717 91581 99580 107793 123822 130055 236593 243948 243793 236433 243893 251511 256590 251575 241420 232003 241514 251665 256741 274871 267274 244972 237381 238184 245749 267987 275564 256553 266432 274052 274190 266574 
162826 73660 66040 58420 58640 66235 73835 54001 50289 48527 46835 45223 43700 12952 10160 -1 2540 17780 22860 30480 32129 25016 20478 30691 34078 33118 31005 27001 23418 27001 26151 27474 30586 32329 39676 31005 29621 27357 37760 17961 26151 30586 30480 30900 33020 36632 39676 46835 50418 46697 43255 40161 37503 35378 33408 33118 33408 35921 35651 35921 37760 39757 54001 50418 44432 40161 38437 38185 38437 39986 40956 40719 40956 42578 44359 49318 50800 52363 59297 57586 50097 45791 45009 43478 43255 46001 46001 47451 49056 50032 59514 61171 58475 57079 55764 53400 50609 49903 48527 48327 59242 60588 65550 67058 70253 75434 77251 84891 84586 82696 80842 77251 75520 73835 81794 83318 84891 88171 89874 91616 87122 84185 94809 102391 107823 110636 115451 120109 118757 115003 113165 114947 116757 116757 118539 120349 127439 110898 103938 118594 120349 120456 122184 125724 125775 124045 122343 124252 125929 129366 132908 127835 126185 111326 112508 113734 115003 116314 119055 125369 128138 129764 138308 141899 147451 149342 84127 95445 106104 113848 129327 136162 236434 243794 243956 236602 244316 251921 256992 252088 241954 232669 242154 252280 257343 275842 268273 246060 238505 239627 247148 269271 276813 256854 266582 274198 274054 266434 
164843 76200 68580 60960 61171 68768 76369 55938 52116 50289 48527 46835 45223 12700 10473 2540 -1 15240 20320 27940 29730 22718 18316 28398 31826 31005 28960 25145 21850 25400 25016 26151 28960 30586 37760 29621 28398 26518 36100 19838 27474 30900 30586 30586 32129 35287 38100 44937 48527 44937 41659 38771 36367 34548 33118 33020 33888 36367 35560 35651 36983 38688 52116 48792 43180 39431 38185 38100 38855 39621 41348 40640 40719 41891 43404 47925 49318 50800 57586 55938 48858 45009 44359 43255 43478 46351 45791 46835 48193 49056 57921 59514 57079 55764 54536 52363 49903 49318 48327 48527 57977 59242 64107 65550 68627 73660 75434 82930 82696 80842 79026 75520 73835 72200 80322 81794 83318 86509 88171 89874 85629 82794 93230 100643 105982 108754 113507 118113 116868 113165 111355 113165 114947 115003 116757 118539 125559 109286 102501 116868 118594 118757 120456 123941 124045 122343 120670 122606 124252 127633 131124 126185 124564 110190 111326 112508 113734 115003 117665 123828 126542 128138 136547 140092 145580 147451 81913 93153 104233 111875 127248 134188 233894 241254 241418 234063 241781 249386 254457 249554 239421 230139 239623 249748 254812 273319 265750 243541 235987 237121 244640 266758 274298 254317 264044 271659 271514 263894 
177223 91440 83820 76200 76369 83974 91581 68392 64107 62009 59946 57921 55938 19838 20478 17780 15240 -1 5080 12700 16264 11359 10160 16264 19838 20478 19344 17961 17961 20320 23418 23001 23001 23418 28398 25400 25527 26518 28960 33020 38100 36632 35287 33020 30900 30586 31418 35287 38771 36367 34548 33408 33020 33408 35378 36367 40161 42274 38688 37760 35921 35560 42274 41035 38437 38437 40161 41035 44432 40822 46628 43404 42578 40956 40640 41891 42578 43404 48858 47722 43847 43255 43478 45009 47722 51117 47451 46001 45720 45791 50032 51117 50609 49903 49318 48527 48327 48527 49903 52363 52363 53037 57079 58032 60215 64107 65550 71932 72200 70619 69095 66235 64907 63652 72735 73835 75005 77543 78904 80322 77813 75712 84748 90945 95613 98086 102391 106624 106104 102768 101155 103144 104727 105157 106710 108301 114818 100426 94851 107193 108717 109250 110745 113848 114300 112794 111326 113422 114863 117857 120990 116950 115535 104418 105249 106134 107072 108062 110190 115330 117665 119055 126542 129764 134812 136547 69095 79717 93671 100579 115159 122785 218654 226014 226190 218836 226573 234176 239246 234355 224226 214963 224442 234562 239623 258185 250624 228437 220892 222103 229608 251691 259222 239098 248813 256428 256274 248654 
181446 96520 88900 81280 81439 89045 96654 72779 68392 66235 64107 62009 59946 23962 25016 22860 20320 5080 -1 7620 12700 10160 11359 13678 17039 18491 17961 17961 19344 20945 25016 24097 23001 22860 26518 25903 26518 28398 28055 37760 42274 39676 38100 35287 32129 30586 30586 33020 36367 34548 33408 33020 33408 34548 37503 38771 43255 45223 40956 39757 36983 35921 39757 39431 38100 39431 42044 43180 47247 42448 49318 45437 44359 41891 40956 40956 41348 41891 46697 45791 43255 43847 44359 46697 50097 53581 49056 46835 46001 45791 48193 49056 49318 48858 48527 48260 48858 49318 51431 54536 51368 51806 55474 56225 58032 61434 62733 68627 69095 67633 66235 63652 62476 61382 70756 71707 72735 75005 76242 77543 75712 73900 82354 88061 92457 94809 98930 103011 102768 99580 98045 100097 101600 102170 103643 105157 111471 97823 92719 104264 105708 106377 107793 110745 111326 109897 108509 110658 112019 114863 117857 114159 112823 102925 103643 104418 105249 106134 108062 112813 115003 116314 123445 126542 131419 133102 65056 75391 90447 97053 111302 119174 213575 220934 221114 213760 221505 229107 234176 229290 219162 209906 219383 229501 234562 253144 245584 223406 215864 217103 224604 246674 254201 234025 243737 251352 251194 243574 
187861 104140 96520 88900 89045 96654 104264 79515 75005 72779 70574 68392 66235 30691 32129 30480 27940 12700 7620 -1 10160 12700 16264 12952 15240 17961 18491 20478 23418 23962 28960 27474 25016 24097 25400 28398 29621 32528 28398 45009 48858 44937 43105 39676 35287 32129 30900 30900 33888 33118 33118 33888 35378 37503 41659 43255 48527 50289 45223 43700 39757 37760 36983 38185 38855 42044 45791 47247 52116 45845 54001 49318 47925 44359 42578 40719 40640 40719 44359 43847 43478 45791 46697 50097 54358 57921 52302 49056 47451 46835 46351 46835 48327 48260 48327 48858 50609 51431 54536 58475 50800 50863 53882 54299 55474 58032 59079 64107 64907 63652 62476 60375 59460 58640 68392 69095 69885 71707 72735 73835 73111 71775 79240 84127 88061 90206 94014 97836 98045 95106 93705 95849 97219 98012 99353 100739 106707 94297 89964 100193 101505 102391 103674 106377 107163 105860 104604 106831 108062 110658 113422 110278 109072 101123 101663 102265 102925 103643 105249 109372 111326 112508 119055 121946 126542 128138 59297 69095 85948 92038 105709 113969 205955 213315 213500 206147 213904 221505 226573 221694 211568 202323 211797 221912 226971 245584 238029 215864 208328 209612 217103 239153 246674 226416 236122 243737 243574 235954 
193442 104634 97053 89479 89045 96654 104264 75520 70756 68392 66040 63703 61382 28055 30480 32129 29730 16264 12700 10160 -1 7620 12700 3592 5080 8032 9158 12700 17039 16264 21850 19838 16264 14811 15240 19838 21553 25400 18491 43255 45009 38771 36632 32528 27001 22718 20945 20945 24097 23001 23001 24097 26151 28960 34172 36100 42274 43700 37760 35921 31005 28398 27357 28055 28960 33118 37760 39513 45223 37483 46835 41348 39676 35287 33020 30586 30480 30586 34548 33888 33408 36367 37503 41659 46697 50289 43700 39757 37760 36983 36367 36983 38185 38100 38185 38855 41035 42044 45791 50418 40640 40719 43847 44359 45791 48858 50097 55938 56397 54949 53581 51117 50032 49056 58640 59460 60375 62476 63652 64907 63475 61931 69896 75391 79758 82119 86285 90434 90089 86881 85346 87400 88900 89479 90945 92457 98796 85242 80422 91581 93014 93705 95106 98045 98636 97219 95849 98012 99353 102170 105157 101505 100193 91193 91792 92457 93187 93980 95748 100262 102391 103674 110745 113848 118757 120456 52854 63652 77751 84434 98899 106598 206137 213490 213313 205953 213420 221038 226117 221111 210958 201556 211065 221213 226288 244493 236903 214623 207041 207961 215510 237707 245273 226074 235953 243573 243728 236113 
187218 97053 89479 81913 81439 89045 96654 68392 63703 61382 59079 56796 54536 20478 22860 25016 22718 11359 10160 12700 7620 -1 5080 5680 9158 9158 8032 8032 10776 11359 16264 14811 12952 12700 17039 16064 17039 19838 17961 35651 37760 32528 30586 27001 22718 20478 20478 23962 27474 25016 23418 22860 23418 25016 28960 30586 36100 37760 32528 31005 27357 25903 31005 29730 27940 29730 33118 34548 39513 33243 41348 36632 35287 32129 30900 30900 31418 32129 37503 36367 33118 33888 34548 37503 41659 45223 39757 36983 35921 35651 38688 39757 39431 38855 38437 38100 38855 39431 42044 45791 41348 41891 45791 46697 48858 52854 54358 61066 61171 59514 57921 54949 53581 52302 61382 62476 63652 66235 67633 69095 66454 64383 73408 79758 84586 87150 91616 96009 95208 91757 90089 92038 93671 94014 95613 97252 103923 89126 83492 96017 97584 98045 99580 102768 103144 101600 100097 102170 103643 106710 109927 105708 104264 93187 93980 94834 95748 96720 98832 104005 106377 107793 115451 118757 123941 125724 59242 70436 82696 89874 104855 112146 213750 221104 220933 213573 221038 228656 233735 228727 218573 209167 218676 228826 233901 252086 244493 222207 214623 215510 223064 245273 252841 233694 243573 251193 251343 243728 
183128 92003 84434 76874 76369 83974 91581 63703 59079 56796 54536 52302 50097 15450 17780 20478 18316 10160 11359 16264 12700 5080 -1 10473 13678 12700 10776 8032 8032 10160 13678 12952 12952 13678 19838 15240 15450 17039 19344 30586 33020 28737 27001 23962 20945 20478 21702 27001 30586 27474 25016 23418 22860 23418 26151 27474 32329 34172 29621 28398 25903 25400 34172 31826 28398 28398 30691 31826 36100 31139 38100 34078 33020 30900 30480 32129 33020 34078 40161 38771 33888 33118 33408 35378 38771 42274 37760 35921 35560 35651 40956 42274 41035 40161 39431 38437 38185 38437 40161 43180 42578 43404 47722 48858 51431 55938 57586 64758 64658 62887 61171 57921 56397 54949 63652 64907 66235 69095 70619 72200 68838 66454 76083 82930 88025 90705 95343 99876 98799 95208 93464 95343 97053 97252 98930 100643 107505 91976 85854 99190 100835 101155 102768 106104 106347 104727 103144 105157 106710 109927 113279 108717 107193 94834 95748 96720 97749 98832 101155 106730 109250 110745 118757 122184 127532 129366 63652 75048 86210 93671 108941 115975 218826 226180 226013 218653 226117 233735 238814 233804 223650 214241 223751 233901 238976 257148 249555 227264 219678 220545 228102 250318 257889 238774 248653 256273 256420 248805 
192825 102391 94834 87289 86696 94288 101885 72290 67489 65105 62733 60375 58032 25400 28055 30691 28398 16264 13678 12952 3592 5680 10473 -1 3592 5080 5680 9158 13678 12700 18316 16264 12700 11359 12952 16264 17961 21850 15450 40640 41891 35287 33118 28960 23418 19344 17961 19344 22718 20945 20320 20945 22718 25400 30586 32528 38771 40161 34172 32329 27474 25016 26151 25903 25903 29621 34172 35921 41659 33914 43255 37760 36100 31826 29730 27940 28055 28398 33020 32129 30586 33020 34078 38100 43105 46697 40161 36367 34548 33888 34548 35378 35921 35651 35560 35921 37760 38688 42274 46835 38185 38437 41891 42578 44359 47925 49318 55707 55938 54358 52854 50097 48858 47722 57079 58032 59079 61434 62733 64107 62035 60241 68733 74704 79352 81844 86210 90530 89874 86509 84891 86881 88463 88900 90447 92038 98590 84290 79047 90945 92457 93014 94493 97584 98045 96553 95106 97219 98636 101600 104727 100739 99353 89334 90018 90767 91581 92457 94391 99243 101505 102862 110278 113507 118594 120349 53581 64758 77418 84434 99279 106680 208797 216146 215882 208523 215915 223534 228614 223578 213420 203982 213496 223650 228727 246819 239221 216917 209326 210144 217706 239937 247512 228600 238519 246138 246370 238758 
196370 105249 97716 90197 89479 97053 104634 73966 69095 66672 64257 61853 59460 28055 30900 34078 31826 19838 17039 15240 5080 9158 13678 3592 -1 3592 5680 10473 15450 13678 19344 17039 12700 10776 10160 16264 18316 22718 13678 43255 43847 36367 34078 29621 23418 18316 16064 16064 19344 17961 17961 19344 21850 25145 31005 33118 39757 40956 34548 32528 27001 23962 22718 23001 24097 28960 34172 36100 42274 33675 43700 37760 35921 31005 28398 25527 25400 25527 29730 28960 28398 31826 33118 37760 43255 46835 39676 35287 33020 32129 31418 32129 33118 33020 33118 33888 36367 37503 41659 46697 35560 35651 38855 39431 41035 44432 45791 52116 52363 50800 49318 46628 45437 44359 53822 54713 55707 57977 59242 60588 58723 57051 65316 71165 75775 78257 82618 86942 86285 82930 81320 83318 84891 85346 86881 88463 95000 80812 75712 87400 88900 89479 90945 94014 94493 93014 91581 93705 95106 98045 101155 97219 95849 86248 86881 87584 88354 89190 91051 95786 98012 99353 106710 109927 115003 116757 50097 61382 73835 80842 95716 103091 206415 213759 213401 206044 213360 220980 226060 220995 210835 201364 210881 221038 226117 244105 236502 214180 206582 207317 214889 237144 244727 226074 236032 243650 243963 236356 
195828 103144 95647 88171 87289 94834 102391 70847 65942 63500 61066 58640 56225 25903 28960 33118 31005 20478 18491 17961 8032 9158 12700 5080 3592 -1 2540 7620 12700 10473 16064 13678 9158 7184 8032 12700 14811 19344 10473 40956 40956 33020 30691 26151 19838 14811 12952 14811 18316 16064 15240 16064 18316 21553 27474 29621 36367 37503 31005 28960 23418 20478 21850 20945 20945 25400 30586 32528 38771 30084 40161 34172 32329 27474 25016 22860 23001 23418 28398 27357 25527 28398 29621 34172 39676 43255 36100 31826 29730 28960 29730 30691 30900 30586 30480 30900 33020 34078 38100 43105 33118 33408 36983 37760 39757 43700 45223 52116 52116 50418 48792 45791 44432 43180 52363 53400 54536 57079 58475 59946 57389 55445 64270 70619 75520 78133 82696 87191 86210 82696 81002 82930 84586 84891 86509 88171 94922 79970 74422 86881 88463 88900 90447 93671 94014 92457 90945 93014 94493 97584 100835 96553 95106 84434 85156 85948 86807 87731 89767 94856 97219 98636 106347 109692 114947 116757 51117 62733 73660 81002 96244 103300 209133 216471 216028 208674 215915 223534 228614 223520 213360 203856 213375 223534 228614 246486 238878 216538 208934 209568 217150 239433 247024 228656 238651 246266 246655 239053 
193801 100643 93153 85685 84777 92318 99871 68392 63500 61066 58640 56225 53822 23418 26518 31005 28960 19344 17961 18491 9158 8032 10776 5680 5680 2540 -1 5080 10160 8032 13678 11359 7184 5680 9158 10776 12700 17039 10160 38437 38437 30691 28398 23962 17961 13678 12700 16264 19838 17039 15450 15450 17039 19838 25400 27474 34078 35287 28960 27001 21850 19344 23418 21702 20478 23962 28737 30586 36632 28374 38100 32329 30586 26151 24097 23001 23418 24097 29621 28398 25400 27357 28398 32528 37760 41348 34548 30691 28960 28398 30691 31826 31418 30900 30586 30586 32129 33020 36632 41348 33408 33888 37760 38688 40956 45223 46835 54001 53882 52116 50418 47247 45791 44432 53400 54536 55764 58475 59946 61487 58503 56369 65562 72200 77251 79929 84586 89155 88025 84434 82696 84586 86285 86509 88171 89874 96730 81369 75541 88463 90089 90447 92038 95343 95613 94014 92457 94493 96017 99190 102517 98045 96553 85156 85948 86807 87731 88718 90874 96190 98636 100097 108002 111413 116757 118594 53400 65105 75434 82930 98323 105240 211666 219004 218566 211212 218455 226074 231154 226060 215900 206396 215915 226074 231154 249022 241414 219073 211468 212095 219678 241963 249555 231196 241189 248805 249190 241587 
189785 95647 88171 80722 79758 87289 94834 63500 58640 56225 53822 51431 49056 18491 21702 27001 25145 17961 17961 20478 12700 8032 8032 9158 10473 7620 5080 -1 5080 3592 9158 7184 5080 5680 12700 8032 9158 12700 11359 33408 33408 26151 23962 19838 14811 12700 13678 19838 23418 19838 17039 15450 15450 17039 21553 23418 29621 31005 25145 23418 19344 17961 27001 23962 20478 21702 25400 27001 32528 25374 34172 28960 27474 24097 23001 24097 25016 26151 32528 31005 25903 25903 26518 29621 34172 37760 31826 28960 28055 27940 33118 34548 33020 32129 31418 30586 30900 31418 34078 38100 34548 35378 39757 40956 43700 48527 50289 57921 57586 55707 53882 50418 48792 47247 55764 57079 58475 61487 63092 64758 60986 58503 68356 75520 80842 83637 88463 93168 91757 88025 86210 88025 89803 89874 91616 93395 100441 84328 77978 91757 93464 93671 95343 98799 98930 97252 95613 97584 99190 102517 105982 101155 99580 86807 87731 88718 89767 90874 93256 99000 101600 103144 111413 114947 120456 122343 58032 69885 79108 86881 102543 109193 216731 224070 223642 216288 223534 231154 236234 231140 220980 211475 220995 231154 236234 254095 246486 224144 216538 217150 224735 247024 254617 236275 246266 253882 254259 246655 
185820 90661 83202 75775 74747 82266 89803 58640 53822 51431 49056 46697 44359 13678 17039 23418 21850 17961 19344 23418 17039 10776 8032 13678 15450 12700 10160 5080 -1 3592 5680 5080 7184 9158 17039 8032 7620 9158 14368 28398 28398 21850 19838 16264 12952 13678 16264 23962 27474 23418 19838 17039 15450 15450 18316 19838 25400 27001 21850 20478 17961 17961 31005 27001 21702 20478 22718 23962 28737 23113 30586 26151 25016 23001 23001 26151 27474 28960 35921 34172 27357 25400 25527 27357 31005 34548 29730 28055 28055 28398 36100 37760 35287 34078 33020 31418 30480 30586 32129 35287 36367 37503 42274 43700 46835 52116 54001 62009 61487 59514 57586 53882 52116 50418 58475 59946 61487 64758 66478 68250 63779 60986 71403 79026 84586 87483 92457 97281 95613 91757 89874 91616 93464 93395 95208 97053 104267 87483 80662 95208 96987 97053 98799 102391 102391 100643 98930 100835 102517 105982 109574 104418 102768 88718 89767 90874 92038 93256 95849 101985 104727 106347 114947 118594 124252 126185 62733 74704 82930 90945 106839 113237 221796 229137 228718 221364 228614 236234 241313 236220 226060 216555 226074 236234 241313 259168 251558 229214 221608 222207 229793 252086 259679 241353 251343 258959 259328 251724 
189394 93671 86248 78863 77709 85194 92701 60375 55474 53037 50609 48193 45791 17039 20478 27001 25400 20320 20945 23962 16264 11359 10160 12700 13678 10473 8032 3592 3592 -1 5680 3592 3592 5680 13678 5080 5680 9158 10776 31418 30586 22718 20478 16264 11359 10473 12700 20478 23962 19838 16264 13678 12700 13678 17961 19838 26151 27474 21553 19838 16064 15240 27474 23418 18491 18491 21850 23418 28960 21894 30586 25400 23962 20945 20320 22718 23962 25400 32329 30586 24097 23001 23418 26151 30586 34172 28398 25903 25400 25527 32528 34172 31826 30691 29730 28398 28055 28398 30691 34548 33020 34078 38771 40161 43255 48527 50418 58475 57921 55938 54001 50289 48527 46835 54949 56397 57921 61171 62887 64658 60241 57502 67835 75434 81002 83907 88900 93744 92038 88171 86285 88025 89874 89803 91616 93464 100688 83907 77147 91616 93395 93464 95208 98799 98799 97053 95343 97252 98930 102391 105982 100835 99190 85383 86397 87473 88609 89803 92353 98428 101155 102768 111355 115003 120670 122606 59460 71527 79352 87400 103349 109686 219468 226801 226293 218942 226117 233735 238814 233694 223534 214000 223520 233680 238760 256509 248896 226541 218930 219447 227041 249351 256951 238882 248907 256519 256968 249370 
187144 89334 81991 74704 73309 80722 88171 54831 49903 47451 45009 42578 40161 14368 17961 26151 25016 23418 25016 28960 21850 16264 13678 18316 19344 16064 13678 9158 5680 5680 -1 2540 7620 10160 17961 5680 3592 3592 13678 27357 25400 17039 14811 10776 7620 10776 14811 24097 27357 22718 18316 14368 11359 10160 12700 14368 20478 21850 16264 14811 12700 13678 30691 25400 18316 15240 17039 18316 23418 17470 25145 20478 19344 17780 18491 23418 25145 27001 34548 32528 23962 20478 20320 21702 25400 28960 24097 22860 23418 24097 34172 36100 32528 31005 29621 27357 25527 25400 26518 29621 33118 34548 39676 41348 44937 50800 52854 61434 60588 58475 56397 52363 50418 48527 55938 57586 59297 62887 64758 66672 61303 58171 69200 77418 83318 86369 91581 96605 94493 90447 88463 90089 92038 91757 93671 95613 103075 85355 77978 93464 95343 95208 97053 100835 100643 98799 96987 98799 100579 104233 108002 102391 100643 85194 86360 87584 88864 90197 93014 99601 102517 104233 113279 117088 122974 124977 63500 75775 81794 90197 106497 112399 224758 232085 231505 224158 231266 238882 243959 238814 228656 219095 228614 238774 243853 261489 253873 231507 223893 224312 231913 254243 261849 244052 254108 261717 262230 254637 
