NAME : gr137_Li
TYPE : BWTSP
DIMENSION : 137
EDGE_WEIGHT_TYPE : EXPLICIT
EDGE_WEIGHT_FORMAT : FULL_MATRIX
EDGE_WEIGHT_SECTION
-1 201 386 490 832 665 800 808 782 821 567 1078 1049 1055 1011 1110 1044 1062 1078 1382 1412 1598 1616 1387 1648 1466 1662 1743 1354 1416 1572 1662 1766 1847 1956 1676 1692 1807 1946 2062 1824 1891 1964 2086 1945 1994 2031 2084 2326 2442 2519 2435 2539 2559 2690 2721 2759 2830 2882 2888 2950 3010 2972 2934 3061 3148 3194 3240 3311 3353 3401 3159 3194 3286 3358 3355 3389 3419 3520 3601 3658 3679 3824 3837 3846 3812 3832 3843 3995 4043 4102 4195 4179 4255 4274 4359 4450 4558 4636 4721 4753 4821 4877 4995 5234 5354 5740 5752 5463 5529 5427 5436 5439 5407 5484 5379 5351 5467 5464 5440 5435 5465 5425 5464 5485 5432 5482 5500 5489 5410 5428 5427 5459 5466 5481 5527 5656 
201 -1 186 290 632 466 601 610 588 628 407 883 857 865 827 924 865 886 906 1196 1228 1410 1430 1213 1465 1294 1483 1564 1207 1267 1412 1499 1600 1679 1785 1529 1549 1656 1789 1901 1687 1751 1821 1936 1814 1862 1900 1952 2176 2288 2363 2288 2388 2409 2536 2568 2607 2676 2728 2737 2798 2858 2824 2792 2914 2999 3045 3091 3160 3203 3251 3026 3061 3151 3221 3221 3255 3286 3384 3463 3519 3542 3682 3696 3708 3678 3699 3712 3859 3907 3964 4056 4043 4118 4137 4221 4311 4416 4494 4576 4610 4677 4733 4849 5083 5202 5581 5594 5312 5378 5279 5289 5294 5264 5341 5240 5215 5329 5327 5306 5303 5333 5297 5336 5358 5309 5359 5378 5370 5297 5316 5317 5350 5359 5375 5421 5546 
386 186 -1 106 446 283 417 429 411 453 302 704 681 693 662 756 708 733 757 1028 1061 1238 1259 1058 1298 1142 1321 1401 1083 1140 1272 1355 1451 1529 1631 1403 1425 1525 1648 1755 1568 1629 1696 1804 1702 1749 1787 1838 2043 2149 2223 2157 2253 2276 2397 2430 2469 2537 2589 2600 2661 2720 2691 2663 2780 2864 2910 2956 3024 3067 3115 2907 2942 3029 3097 3100 3135 3167 3261 3338 3394 3418 3552 3569 3582 3556 3579 3594 3734 3782 3839 3929 3918 3992 4013 4095 4183 4286 4362 4444 4478 4545 4600 4714 4943 5061 5434 5448 5172 5238 5143 5154 5160 5132 5209 5112 5090 5201 5201 5183 5181 5212 5179 5219 5241 5196 5246 5266 5260 5192 5213 5216 5250 5261 5279 5324 5445 
490 290 106 -1 344 178 312 324 309 352 265 600 579 593 566 658 615 643 669 928 962 1137 1159 966 1199 1050 1224 1303 1008 1063 1186 1267 1361 1437 1538 1324 1349 1444 1562 1666 1494 1553 1618 1721 1630 1677 1715 1765 1959 2063 2136 2074 2168 2192 2310 2344 2383 2451 2502 2515 2574 2633 2607 2582 2696 2778 2824 2871 2938 2981 3029 2829 2865 2950 3017 3022 3057 3089 3182 3257 3313 3338 3470 3487 3501 3477 3501 3517 3654 3702 3759 3847 3838 3911 3932 4014 4100 4202 4278 4359 4394 4460 4515 4628 4855 4972 5342 5356 5084 5150 5056 5068 5075 5048 5124 5030 5008 5119 5120 5102 5102 5132 5101 5141 5164 5121 5171 5191 5186 5122 5143 5147 5181 5193 5212 5257 5375 
832 632 446 344 -1 184 90 124 176 198 449 316 325 356 375 433 448 484 521 670 708 857 884 758 937 843 978 1050 893 934 1009 1074 1151 1218 1305 1177 1209 1277 1369 1456 1360 1408 1462 1543 1505 1547 1586 1630 1772 1862 1928 1890 1971 1999 2103 2139 2179 2242 2292 2310 2367 2424 2409 2396 2498 2574 2620 2665 2730 2773 2821 2661 2698 2774 2837 2848 2885 2919 3002 3072 3126 3154 3273 3294 3312 3298 3324 3344 3468 3515 3570 3653 3650 3720 3744 3821 3903 4000 4073 4151 4186 4251 4306 4414 4629 4742 5097 5113 4857 4922 4837 4851 4860 4839 4913 4829 4812 4918 4922 4910 4913 4945 4920 4961 4986 4951 5000 5023 5023 4970 4994 5003 5038 5054 5075 5120 5229 
665 466 283 178 184 -1 135 147 141 186 280 423 406 423 406 492 464 496 526 758 793 963 986 809 1030 895 1059 1136 885 935 1042 1118 1207 1280 1378 1192 1220 1305 1415 1514 1368 1423 1484 1580 1509 1554 1592 1640 1815 1914 1985 1931 2021 2047 2160 2194 2234 2300 2351 2366 2425 2483 2460 2440 2550 2630 2676 2722 2788 2831 2879 2694 2731 2812 2877 2885 2921 2954 3043 3116 3171 3197 3325 3343 3359 3339 3363 3381 3513 3561 3617 3703 3697 3768 3791 3870 3955 4056 4131 4211 4245 4311 4366 4478 4700 4816 5181 5196 4929 4995 4904 4917 4924 4899 4975 4884 4864 4973 4975 4960 4961 4992 4963 5003 5027 4987 5037 5058 5055 4995 5018 5024 5058 5071 5091 5137 5251 
800 601 417 312 90 135 -1 38 87 113 371 296 288 311 314 386 382 418 453 641 678 840 865 711 912 796 947 1022 823 868 955 1025 1108 1178 1270 1117 1147 1222 1321 1414 1297 1349 1405 1492 1441 1485 1523 1569 1724 1818 1887 1841 1927 1954 2061 2097 2137 2201 2252 2268 2326 2384 2365 2349 2454 2532 2578 2624 2690 2733 2781 2610 2647 2725 2789 2798 2835 2868 2954 3026 3080 3107 3230 3250 3267 3250 3275 3295 3422 3469 3525 3609 3605 3676 3699 3777 3861 3959 4033 4112 4147 4212 4267 4377 4596 4710 5070 5086 4824 4889 4802 4815 4823 4800 4875 4788 4770 4877 4880 4866 4869 4900 4874 4914 4939 4901 4951 4973 4972 4916 4940 4947 4982 4997 5018 5063 5174 
808 610 429 324 124 147 38 -1 56 76 354 277 263 283 280 356 348 382 417 616 652 819 842 680 888 765 920 996 787 832 922 993 1077 1148 1242 1082 1112 1189 1290 1384 1262 1314 1371 1459 1406 1449 1488 1534 1692 1787 1856 1809 1895 1922 2031 2066 2106 2171 2222 2238 2296 2353 2334 2317 2423 2502 2548 2594 2659 2703 2751 2577 2613 2692 2756 2766 2802 2835 2922 2994 3048 3075 3199 3218 3235 3218 3243 3262 3390 3438 3493 3578 3573 3644 3667 3746 3830 3928 4003 4082 4117 4182 4237 4347 4567 4682 5044 5059 4796 4861 4773 4786 4794 4770 4845 4757 4739 4846 4849 4835 4837 4869 4842 4882 4906 4869 4918 4940 4939 4883 4906 4913 4948 4963 4984 5029 5140 
782 588 411 309 176 141 87 56 -1 46 304 296 271 284 266 352 327 359 392 620 654 828 850 669 892 755 919 997 757 805 905 979 1067 1140 1237 1059 1088 1169 1276 1374 1236 1290 1350 1442 1379 1423 1462 1509 1677 1775 1846 1793 1882 1908 2020 2055 2095 2160 2212 2226 2285 2343 2321 2302 2411 2490 2536 2582 2649 2692 2740 2558 2595 2675 2740 2748 2784 2817 2906 2979 3033 3059 3186 3205 3221 3201 3226 3244 3375 3423 3479 3565 3559 3630 3653 3732 3817 3916 3991 4071 4106 4172 4227 4338 4560 4676 5041 5056 4789 4854 4764 4777 4785 4760 4835 4745 4726 4834 4837 4821 4823 4854 4826 4866 4890 4851 4900 4922 4919 4861 4884 4891 4925 4939 4960 5005 5118 
821 628 453 352 198 186 113 76 46 -1 323 259 229 241 221 307 282 316 349 576 610 785 807 624 848 709 874 952 716 763 860 934 1022 1095 1192 1015 1045 1125 1231 1329 1194 1247 1306 1398 1337 1381 1419 1466 1632 1730 1800 1749 1837 1863 1975 2010 2050 2115 2167 2181 2240 2298 2276 2257 2366 2445 2491 2537 2604 2647 2695 2514 2550 2630 2695 2703 2740 2773 2861 2934 2988 3015 3141 3160 3176 3157 3181 3200 3330 3378 3434 3520 3514 3585 3608 3687 3772 3871 3946 4026 4061 4126 4181 4293 4515 4631 4996 5011 4744 4809 4719 4731 4739 4714 4790 4700 4681 4789 4792 4776 4778 4809 4781 4821 4845 4806 4856 4878 4875 4818 4841 4847 4882 4896 4917 4962 5074 
567 407 302 265 449 280 371 354 304 323 -1 570 526 521 463 563 484 499 513 830 857 1049 1064 821 1090 900 1098 1180 800 860 1008 1097 1200 1281 1389 1123 1143 1250 1384 1498 1282 1345 1415 1530 1411 1459 1497 1549 1770 1882 1958 1882 1982 2003 2130 2163 2201 2270 2323 2331 2392 2452 2418 2385 2507 2593 2639 2685 2754 2797 2845 2621 2656 2745 2815 2816 2850 2881 2979 3057 3113 3136 3275 3290 3302 3273 3294 3308 3453 3501 3559 3650 3637 3712 3732 3815 3904 4010 4087 4170 4203 4271 4326 4442 4677 4796 5177 5190 4906 4972 4873 4883 4888 4857 4935 4834 4809 4923 4921 4901 4898 4928 4893 4933 4955 4907 4957 4977 4969 4899 4919 4921 4955 4965 4982 5028 5150 
1078 883 704 600 316 423 296 277 296 259 570 -1 61 95 171 153 232 265 300 354 392 545 571 456 621 539 662 734 644 672 715 771 841 905 990 894 929 983 1062 1144 1079 1122 1169 1240 1227 1266 1304 1345 1465 1550 1616 1583 1661 1690 1790 1826 1866 1929 1979 1997 2054 2110 2097 2087 2186 2261 2306 2352 2416 2459 2507 2357 2394 2467 2528 2541 2578 2613 2694 2763 2816 2844 2961 2982 3001 2989 3016 3037 3157 3204 3259 3341 3339 3408 3433 3509 3590 3686 3759 3836 3872 3936 3991 4099 4313 4426 4782 4798 4541 4606 4521 4535 4545 4524 4598 4515 4499 4604 4609 4597 4601 4633 4610 4650 4676 4643 4692 4715 4716 4667 4692 4702 4737 4754 4777 4822 4927 
1049 857 681 579 325 406 288 263 271 229 526 61 -1 39 111 112 174 209 245 354 390 558 581 434 626 518 659 735 599 632 688 750 826 894 984 862 896 957 1044 1132 1046 1092 1142 1219 1194 1234 1272 1315 1447 1537 1604 1565 1647 1675 1779 1815 1855 1918 1969 1986 2043 2100 2084 2072 2173 2250 2296 2342 2406 2450 2497 2337 2374 2450 2512 2524 2560 2595 2678 2748 2801 2829 2949 2969 2987 2973 2999 3020 3143 3190 3246 3329 3326 3395 3419 3497 3579 3676 3750 3828 3863 3928 3983 4092 4309 4424 4783 4799 4538 4603 4516 4529 4538 4516 4591 4505 4488 4594 4598 4586 4589 4621 4596 4636 4661 4626 4676 4699 4699 4647 4671 4681 4716 4732 4754 4799 4906 
1055 865 693 593 356 423 311 283 284 241 521 95 39 -1 80 78 137 171 207 336 371 546 567 403 608 488 638 714 561 594 655 719 798 867 960 827 861 923 1014 1104 1011 1057 1109 1188 1158 1199 1237 1280 1417 1509 1577 1535 1618 1646 1751 1787 1827 1891 1942 1958 2016 2073 2056 2042 2145 2222 2268 2314 2379 2423 2470 2306 2343 2419 2482 2493 2530 2564 2648 2719 2772 2800 2921 2941 2959 2944 2969 2989 3114 3162 3217 3300 3297 3367 3391 3468 3551 3649 3723 3802 3837 3902 3957 4066 4285 4400 4761 4777 4513 4579 4491 4504 4513 4490 4564 4478 4460 4567 4571 4558 4560 4592 4567 4607 4632 4596 4646 4668 4668 4615 4639 4648 4683 4699 4721 4766 4874 
1011 827 662 566 375 406 314 280 266 221 463 171 111 80 -1 100 75 113 150 371 402 589 606 404 639 489 660 739 520 560 643 714 802 875 974 804 836 909 1011 1108 986 1036 1092 1180 1131 1174 1212 1257 1413 1510 1580 1530 1617 1644 1755 1790 1830 1895 1946 1961 2020 2078 2056 2038 2146 2225 2271 2317 2383 2427 2475 2297 2334 2413 2477 2486 2522 2556 2643 2715 2769 2796 2921 2940 2956 2939 2964 2982 3111 3159 3215 3300 3295 3366 3389 3468 3552 3651 3726 3806 3841 3906 3961 4073 4295 4411 4778 4792 4524 4589 4499 4511 4519 4494 4570 4480 4461 4569 4572 4557 4559 4590 4563 4603 4627 4589 4639 4661 4659 4603 4627 4634 4669 4684 4705 4750 4860 
1110 924 756 658 433 492 386 356 352 307 563 153 112 78 100 -1 109 129 159 273 305 489 507 326 543 412 568 646 491 521 578 642 722 793 887 750 784 846 937 1029 934 980 1031 1110 1082 1122 1161 1203 1340 1433 1501 1458 1542 1569 1676 1711 1751 1816 1867 1883 1941 1998 1980 1965 2069 2147 2193 2239 2304 2347 2395 2229 2266 2342 2405 2416 2453 2487 2571 2642 2696 2723 2845 2865 2882 2867 2892 2912 3038 3085 3140 3224 3221 3291 3314 3392 3475 3573 3647 3726 3762 3827 3882 3992 4211 4327 4690 4705 4440 4505 4417 4430 4438 4415 4490 4402 4385 4492 4495 4481 4484 4516 4490 4530 4555 4519 4569 4591 4591 4538 4562 4571 4606 4622 4644 4689 4796 
1044 865 708 615 448 464 382 348 327 282 484 232 174 137 75 109 -1 38 76 349 374 568 581 351 607 435 619 700 446 487 579 654 746 822 924 735 765 843 951 1052 915 967 1025 1116 1060 1103 1141 1187 1351 1451 1523 1468 1557 1583 1697 1732 1771 1838 1889 1903 1962 2020 1996 1976 2086 2166 2213 2259 2326 2369 2417 2232 2269 2349 2414 2422 2458 2491 2580 2653 2707 2733 2861 2879 2895 2875 2900 2918 3049 3097 3153 3239 3233 3305 3327 3407 3492 3592 3667 3748 3782 3848 3903 4015 4240 4357 4727 4741 4469 4535 4443 4455 4462 4436 4512 4420 4401 4510 4512 4496 4497 4528 4500 4540 4564 4525 4574 4596 4594 4536 4559 4567 4601 4616 4637 4682 4793 
1062 886 733 643 484 496 418 382 359 316 499 265 209 171 113 129 38 -1 38 342 365 560 571 327 593 410 600 682 409 451 547 625 719 796 900 700 730 810 921 1024 880 932 991 1084 1024 1067 1106 1152 1320 1422 1494 1436 1527 1552 1668 1702 1742 1809 1860 1873 1933 1991 1966 1945 2056 2137 2183 2229 2296 2340 2388 2200 2236 2317 2382 2390 2426 2459 2548 2621 2676 2702 2830 2849 2864 2844 2868 2886 3018 3066 3122 3209 3202 3274 3296 3376 3461 3562 3638 3718 3753 3819 3874 3987 4213 4330 4701 4715 4442 4507 4414 4426 4433 4407 4483 4390 4370 4479 4481 4465 4466 4497 4468 4508 4532 4492 4542 4564 4561 4503 4526 4533 4567 4581 4602 4647 4759 
1078 906 757 669 521 526 453 417 392 349 513 300 245 207 150 159 76 38 -1 344 362 559 567 309 584 389 587 669 372 416 518 599 696 774 880 667 697 779 894 999 846 899 959 1055 989 1033 1072 1118 1292 1395 1468 1407 1500 1524 1642 1676 1715 1782 1834 1846 1906 1965 1938 1915 2028 2110 2156 2202 2270 2313 2361 2169 2205 2286 2352 2359 2395 2428 2518 2592 2647 2672 2802 2820 2835 2813 2838 2855 2989 3036 3093 3180 3172 3245 3267 3347 3433 3534 3610 3691 3725 3792 3847 3960 4187 4305 4678 4692 4416 4482 4388 4400 4406 4380 4456 4362 4341 4451 4453 4436 4436 4467 4438 4478 4502 4461 4511 4532 4529 4470 4493 4500 4534 4548 4569 4614 4726 
1382 1196 1028 928 670 758 641 616 620 576 830 354 354 336 371 273 349 342 344 -1 40 220 235 176 272 229 308 382 460 456 416 446 498 556 637 607 647 668 723 796 789 819 854 906 936 969 1005 1040 1123 1202 1265 1240 1314 1344 1439 1475 1516 1577 1627 1646 1702 1758 1747 1742 1836 1909 1955 2001 2064 2107 2154 2016 2053 2123 2183 2198 2235 2270 2348 2415 2467 2496 2610 2632 2652 2642 2670 2692 2809 2855 2910 2990 2990 3058 3083 3158 3239 3334 3406 3484 3519 3584 3638 3745 3960 4073 4430 4446 4188 4253 4168 4182 4192 4171 4245 4162 4147 4252 4257 4246 4251 4283 4261 4302 4327 4296 4345 4369 4372 4326 4352 4364 4399 4418 4442 4486 4587 
1412 1228 1061 962 708 793 678 652 654 610 857 392 390 371 402 305 374 365 362 40 -1 197 207 155 238 197 270 345 443 434 382 409 459 517 599 573 614 632 684 757 754 783 817 867 901 934 969 1004 1083 1163 1226 1201 1274 1305 1400 1436 1477 1538 1588 1607 1663 1719 1708 1702 1797 1870 1916 1962 2025 2068 2116 1977 2014 2084 2143 2159 2196 2231 2309 2376 2428 2457 2571 2593 2613 2603 2631 2653 2769 2816 2870 2951 2951 3019 3044 3119 3200 3295 3367 3445 3481 3545 3599 3707 3922 4035 4393 4409 4150 4215 4130 4144 4153 4132 4206 4123 4109 4213 4218 4207 4212 4244 4222 4262 4288 4257 4306 4330 4332 4287 4313 4325 4360 4379 4403 4447 4548 
1598 1410 1238 1137 857 963 840 819 828 785 1049 545 558 546 589 489 568 560 559 220 197 -1 38 309 112 297 190 226 583 556 437 418 417 446 494 615 657 631 633 673 776 787 802 818 913 937 969 994 1009 1069 1124 1124 1182 1216 1294 1331 1371 1428 1476 1500 1553 1605 1605 1610 1692 1759 1804 1849 1909 1952 1998 1895 1933 1994 2049 2070 2107 2143 2213 2275 2325 2356 2460 2484 2507 2504 2534 2559 2664 2710 2763 2839 2844 2909 2936 3007 3084 3175 3245 3321 3357 3420 3474 3578 3784 3896 4244 4260 4011 4076 3996 4012 4023 4005 4078 4002 3990 4092 4099 4091 4098 4131 4114 4154 4181 4156 4204 4230 4235 4198 4225 4240 4276 4297 4322 4366 4461 
1616 1430 1259 1159 884 986 865 842 850 807 1064 571 581 567 606 507 581 571 567 235 207 38 -1 302 75 281 154 189 567 537 409 385 381 409 458 583 625 596 596 637 742 752 766 781 879 902 934 958 972 1033 1088 1088 1146 1179 1258 1296 1336 1393 1441 1465 1518 1571 1570 1574 1657 1724 1769 1814 1875 1918 1964 1859 1896 1958 2013 2034 2071 2107 2177 2240 2290 2321 2425 2450 2472 2469 2498 2523 2629 2675 2728 2805 2809 2874 2901 2973 3051 3142 3212 3288 3324 3387 3441 3546 3753 3865 4215 4231 3980 4045 3964 3980 3991 3973 4046 3969 3957 4059 4066 4057 4064 4097 4079 4120 4147 4121 4169 4194 4200 4162 4189 4204 4240 4261 4286 4330 4425 
1387 1213 1058 966 758 809 711 680 669 624 821 456 434 403 404 326 351 327 309 176 155 309 302 -1 295 86 282 364 290 281 261 316 398 472 573 447 485 527 611 705 632 669 714 786 780 817 854 893 1015 1108 1177 1132 1216 1243 1352 1387 1427 1492 1543 1558 1617 1674 1655 1639 1744 1822 1868 1914 1980 2023 2071 1904 1941 2017 2079 2091 2127 2161 2245 2316 2370 2397 2519 2539 2556 2541 2567 2587 2712 2759 2815 2899 2895 2965 2989 3067 3150 3249 3323 3403 3438 3503 3558 3669 3892 4008 4376 4391 4120 4186 4095 4108 4116 4091 4166 4078 4059 4167 4170 4156 4158 4190 4164 4204 4229 4193 4243 4266 4265 4214 4238 4248 4283 4299 4322 4367 4473 
1648 1465 1298 1199 937 1030 912 888 892 848 1090 621 626 608 639 543 607 593 584 272 238 112 75 295 -1 253 82 119 535 498 353 318 307 334 388 519 560 524 521 564 673 680 692 706 807 830 861 884 899 963 1020 1015 1076 1109 1191 1228 1268 1327 1375 1398 1452 1506 1502 1505 1589 1658 1704 1749 1810 1853 1900 1787 1825 1888 1944 1964 2001 2037 2108 2172 2223 2253 2360 2383 2405 2401 2430 2454 2562 2609 2662 2739 2743 2809 2835 2908 2986 3078 3149 3225 3261 3325 3379 3485 3695 3807 4161 4177 3922 3987 3905 3920 3931 3911 3985 3906 3893 3996 4002 3993 3999 4032 4013 4054 4080 4053 4102 4127 4132 4092 4119 4134 4169 4190 4215 4259 4355 
1466 1294 1142 1050 843 895 796 765 755 709 900 539 518 488 489 412 435 410 389 229 197 297 281 86 253 -1 220 299 287 260 188 233 313 388 491 378 419 448 526 620 561 594 635 702 709 744 780 817 930 1022 1092 1047 1131 1158 1266 1301 1341 1407 1458 1473 1531 1589 1569 1554 1659 1737 1783 1829 1895 1938 1986 1820 1857 1932 1995 2006 2043 2077 2160 2231 2285 2312 2434 2454 2471 2456 2482 2502 2627 2674 2729 2813 2810 2880 2903 2981 3065 3163 3238 3317 3352 3418 3473 3584 3807 3923 4293 4307 4036 4101 4010 4023 4030 4006 4081 3992 3974 4082 4085 4071 4073 4105 4079 4119 4144 4109 4158 4181 4181 4130 4154 4164 4200 4216 4239 4284 4389 
1662 1483 1321 1224 978 1059 947 920 919 874 1098 662 659 638 660 568 619 600 587 308 270 190 154 282 82 220 -1 83 486 443 282 239 227 262 331 440 482 443 446 498 592 599 612 631 726 749 780 804 831 901 962 948 1014 1046 1134 1171 1211 1272 1321 1342 1397 1452 1444 1443 1532 1604 1649 1695 1757 1800 1848 1722 1760 1826 1883 1901 1938 1974 2048 2113 2165 2194 2305 2328 2348 2341 2370 2393 2505 2552 2606 2685 2686 2753 2779 2853 2933 3027 3099 3176 3212 3276 3330 3438 3652 3765 4124 4140 3880 3945 3860 3874 3884 3863 3937 3855 3841 3945 3950 3940 3945 3978 3957 3998 4024 3995 4044 4068 4072 4030 4057 4070 4106 4125 4150 4194 4292 
1743 1564 1401 1303 1050 1136 1022 996 997 952 1180 734 735 714 739 646 700 682 669 382 345 226 189 364 119 299 83 -1 554 507 332 268 219 227 270 466 506 445 416 448 599 597 599 599 725 742 771 790 784 845 902 899 958 991 1073 1110 1150 1208 1257 1279 1333 1387 1384 1387 1471 1540 1585 1631 1692 1735 1782 1670 1708 1770 1826 1846 1883 1919 1990 2053 2104 2134 2241 2265 2287 2282 2311 2336 2444 2490 2543 2621 2624 2690 2717 2790 2868 2961 3032 3108 3144 3208 3262 3368 3580 3693 4049 4065 3808 3873 3789 3804 3814 3794 3868 3788 3775 3878 3884 3875 3881 3914 3895 3935 3962 3935 3983 4008 4013 3974 4001 4016 4052 4072 4098 4142 4237 
1354 1207 1083 1008 893 885 823 787 757 716 800 644 599 561 520 491 446 409 372 460 443 583 567 290 535 287 486 554 -1 64 251 348 461 544 661 323 343 453 600 725 486 547 615 732 625 670 709 758 972 1089 1167 1083 1185 1205 1337 1368 1406 1476 1528 1535 1596 1657 1619 1585 1708 1795 1841 1887 1957 1999 2047 1824 1860 1947 2016 2018 2053 2084 2180 2257 2314 2337 2475 2490 2502 2474 2497 2512 2654 2702 2759 2850 2838 2912 2932 3015 3104 3210 3287 3370 3404 3471 3526 3643 3880 4001 4388 4400 4109 4176 4075 4084 4088 4058 4135 4034 4010 4123 4122 4102 4100 4130 4097 4136 4159 4114 4164 4184 4179 4115 4137 4141 4175 4188 4208 4253 4369 
1416 1267 1140 1063 934 935 868 832 805 763 860 672 632 594 560 521 487 451 416 456 434 556 537 281 498 260 443 507 64 -1 192 288 401 483 600 264 287 392 537 661 433 491 557 671 575 619 658 706 911 1027 1105 1022 1124 1144 1275 1306 1344 1414 1467 1473 1535 1595 1559 1526 1648 1734 1780 1826 1896 1938 1986 1768 1803 1889 1958 1960 1996 2028 2122 2199 2255 2279 2416 2431 2444 2417 2440 2455 2596 2644 2701 2791 2780 2854 2874 2957 3045 3150 3228 3310 3344 3411 3467 3583 3819 3939 4326 4337 4048 4114 4014 4024 4028 3998 4075 3975 3951 4064 4063 4044 4042 4073 4040 4080 4102 4059 4109 4129 4124 4062 4084 4089 4124 4137 4157 4202 4317 
1572 1412 1272 1186 1009 1042 955 922 905 860 1008 715 688 655 643 578 579 547 518 416 382 437 409 261 353 188 282 332 251 192 -1 97 211 294 411 192 233 269 378 491 374 409 455 538 522 557 594 633 774 878 953 890 982 1006 1126 1159 1198 1266 1318 1329 1390 1449 1421 1398 1510 1593 1639 1685 1753 1796 1844 1655 1692 1771 1836 1844 1880 1914 2001 2075 2130 2156 2284 2302 2317 2297 2322 2340 2471 2519 2575 2662 2655 2727 2749 2829 2915 3017 3092 3174 3208 3274 3329 3443 3673 3791 4170 4183 3902 3968 3872 3883 3889 3862 3938 3844 3824 3933 3935 3918 3919 3950 3922 3962 3986 3947 3997 4019 4017 3962 3986 3994 4029 4045 4067 4112 4220 
1662 1499 1355 1267 1074 1118 1025 993 979 934 1097 771 750 719 714 642 654 625 599 446 409 418 385 316 318 233 239 268 348 288 97 -1 114 197 314 202 243 224 297 402 360 378 409 470 501 530 564 596 700 797 869 817 904 930 1043 1078 1117 1184 1236 1249 1308 1367 1343 1325 1432 1513 1559 1605 1672 1715 1763 1588 1625 1701 1764 1775 1811 1845 1930 2001 2056 2082 2207 2226 2243 2226 2251 2271 2398 2445 2501 2586 2581 2652 2675 2754 2838 2938 3013 3094 3128 3194 3249 3362 3589 3707 4082 4096 3818 3884 3790 3801 3808 3782 3858 3767 3747 3856 3858 3843 3845 3876 3849 3890 3914 3878 3927 3950 3949 3898 3922 3932 3967 3984 4007 4052 4157 
1766 1600 1451 1361 1151 1207 1108 1077 1067 1022 1200 841 826 798 802 722 746 719 696 498 459 417 381 398 307 313 227 219 461 401 211 114 -1 84 200 268 303 226 226 307 382 379 386 411 507 526 556 578 625 711 780 743 821 850 954 990 1030 1094 1146 1161 1219 1277 1258 1247 1348 1425 1471 1517 1583 1626 1674 1519 1556 1627 1688 1702 1739 1774 1854 1923 1976 2004 2123 2144 2162 2149 2176 2197 2318 2365 2420 2503 2500 2570 2594 2671 2754 2852 2926 3005 3040 3106 3160 3271 3495 3611 3983 3997 3724 3789 3698 3710 3718 3694 3769 3680 3663 3770 3773 3760 3763 3795 3770 3811 3836 3802 3852 3875 3876 3829 3855 3866 3902 3920 3944 3988 4090 
1847 1679 1529 1437 1218 1280 1178 1148 1140 1095 1281 905 894 867 875 793 822 796 774 556 517 446 409 472 334 388 262 227 544 483 294 197 84 -1 117 327 356 252 190 240 408 390 379 373 516 527 554 568 570 646 711 687 758 788 885 921 962 1025 1075 1093 1150 1207 1192 1186 1281 1356 1402 1448 1513 1556 1604 1463 1500 1568 1627 1643 1680 1715 1792 1859 1912 1940 2056 2078 2097 2086 2114 2137 2253 2300 2355 2436 2435 2504 2528 2604 2686 2783 2856 2935 2970 3035 3090 3200 3420 3537 3906 3920 3649 3715 3625 3638 3646 3623 3698 3611 3595 3701 3705 3693 3697 3729 3706 3746 3772 3740 3790 3814 3816 3772 3798 3811 3846 3865 3890 3934 4033 
1956 1785 1631 1538 1305 1378 1270 1242 1237 1192 1389 990 984 960 974 887 924 900 880 637 599 494 458 573 388 491 331 270 661 600 411 314 200 117 -1 431 455 333 211 187 479 446 415 364 564 566 586 590 520 575 633 633 689 722 805 842 882 942 991 1012 1067 1122 1115 1117 1203 1274 1319 1365 1427 1470 1518 1401 1439 1501 1557 1576 1614 1650 1721 1785 1836 1866 1975 1998 2019 2014 2042 2067 2176 2223 2276 2355 2357 2424 2449 2523 2603 2697 2769 2847 2882 2947 3001 3109 3326 3440 3805 3819 3554 3619 3532 3546 3555 3534 3608 3525 3511 3615 3621 3610 3615 3648 3628 3668 3695 3666 3715 3740 3744 3705 3732 3747 3782 3803 3829 3873 3968 
1676 1529 1403 1324 1177 1192 1117 1082 1059 1015 1123 894 862 827 804 750 735 700 667 607 573 615 583 447 519 378 440 466 323 264 192 202 268 327 431 -1 43 137 301 432 186 232 294 411 334 373 411 454 650 770 849 760 864 883 1017 1047 1085 1156 1208 1213 1275 1336 1297 1263 1386 1473 1519 1565 1635 1677 1725 1506 1542 1627 1695 1698 1733 1766 1859 1936 1992 2016 2153 2168 2181 2154 2177 2193 2333 2380 2438 2528 2517 2591 2611 2694 2782 2887 2965 3048 3081 3148 3204 3321 3558 3679 4068 4079 3787 3854 3752 3761 3766 3735 3812 3712 3688 3801 3800 3781 3779 3810 3778 3817 3840 3797 3847 3868 3864 3804 3826 3833 3867 3882 3902 3947 4060 
1692 1549 1425 1349 1209 1220 1147 1112 1088 1045 1143 929 896 861 836 784 765 730 697 647 614 657 625 485 560 419 482 506 343 287 233 243 303 356 455 43 -1 140 308 440 151 205 273 400 298 339 377 422 637 760 841 744 851 868 1006 1035 1072 1144 1196 1199 1262 1322 1281 1244 1369 1458 1503 1549 1620 1662 1710 1482 1517 1604 1673 1675 1710 1742 1837 1915 1971 1995 2134 2148 2160 2132 2154 2169 2311 2359 2417 2507 2495 2570 2590 2673 2762 2868 2946 3030 3063 3130 3186 3303 3542 3664 4056 4067 3772 3838 3735 3744 3748 3716 3794 3692 3667 3781 3779 3759 3757 3787 3754 3794 3817 3772 3822 3843 3838 3776 3798 3804 3839 3852 3873 3918 4031 
1807 1656 1525 1444 1277 1305 1222 1189 1169 1125 1250 983 957 923 909 846 843 810 779 668 632 631 596 527 524 448 443 445 453 392 269 224 226 252 333 137 140 -1 169 301 157 157 188 280 283 308 341 373 520 636 715 633 733 754 884 915 953 1023 1076 1082 1144 1204 1168 1139 1258 1343 1389 1435 1505 1547 1596 1390 1426 1508 1574 1580 1616 1649 1739 1814 1870 1895 2028 2044 2058 2035 2059 2076 2211 2259 2316 2404 2395 2468 2489 2571 2658 2762 2839 2921 2955 3022 3077 3193 3428 3548 3935 3947 3657 3723 3624 3633 3638 3609 3686 3588 3566 3677 3677 3659 3659 3690 3659 3699 3723 3682 3732 3754 3751 3695 3718 3726 3761 3777 3799 3843 3952 
1946 1789 1648 1562 1369 1415 1321 1290 1276 1231 1384 1062 1044 1014 1011 937 951 921 894 723 684 633 596 611 521 526 446 416 600 537 378 297 226 190 211 301 308 169 -1 132 285 241 205 186 355 356 377 385 404 502 575 522 607 633 749 782 822 889 941 953 1013 1072 1046 1028 1136 1217 1263 1309 1376 1419 1467 1296 1333 1406 1469 1480 1517 1552 1634 1705 1759 1786 1911 1929 1946 1930 1956 1976 2101 2149 2204 2289 2284 2355 2378 2457 2542 2642 2717 2798 2832 2898 2953 3067 3296 3414 3794 3807 3525 3591 3495 3506 3513 3486 3562 3470 3450 3559 3561 3546 3548 3580 3553 3593 3618 3583 3632 3655 3655 3606 3631 3642 3678 3696 3719 3764 3866 
2062 1901 1755 1666 1456 1514 1414 1384 1374 1329 1498 1144 1132 1104 1108 1029 1052 1024 999 796 757 673 637 705 564 620 498 448 725 661 491 402 307 240 187 432 440 301 132 -1 403 347 289 192 442 431 442 434 336 407 473 452 518 549 648 683 723 788 839 855 912 970 953 946 1042 1119 1165 1211 1276 1319 1367 1225 1262 1329 1387 1404 1441 1476 1552 1619 1672 1701 1817 1838 1857 1847 1874 1897 2014 2061 2115 2197 2196 2265 2289 2365 2448 2545 2619 2698 2733 2799 2854 2965 3189 3306 3681 3694 3418 3484 3391 3403 3411 3387 3462 3374 3357 3463 3467 3454 3458 3490 3466 3507 3532 3501 3550 3574 3576 3533 3559 3572 3608 3628 3653 3697 3795 
1824 1687 1568 1494 1360 1368 1297 1262 1236 1194 1282 1079 1046 1011 986 934 915 880 846 789 754 776 742 632 673 561 592 599 486 433 374 360 382 408 479 186 151 157 285 403 -1 72 153 301 149 189 227 273 523 654 736 622 735 748 893 920 955 1028 1079 1079 1142 1203 1155 1111 1242 1333 1378 1423 1495 1537 1584 1340 1376 1465 1535 1535 1569 1600 1698 1778 1834 1857 2000 2013 2023 1992 2013 2027 2173 2221 2279 2371 2357 2433 2452 2536 2626 2734 2813 2897 2930 2997 3053 3172 3415 3538 3935 3945 3644 3711 3605 3613 3616 3583 3660 3556 3530 3644 3642 3620 3617 3647 3612 3652 3674 3628 3679 3699 3693 3629 3651 3657 3691 3704 3724 3769 3884 
1891 1751 1629 1553 1408 1423 1349 1314 1290 1247 1345 1122 1092 1057 1036 980 967 932 899 819 783 787 752 669 680 594 599 597 547 491 409 378 379 390 446 232 205 157 241 347 72 -1 81 230 128 152 187 224 452 583 664 551 664 678 822 849 884 957 1009 1009 1071 1133 1085 1044 1173 1263 1309 1354 1426 1467 1515 1278 1314 1401 1470 1472 1507 1538 1634 1713 1769 1792 1933 1947 1958 1929 1951 1965 2109 2157 2214 2306 2293 2368 2387 2471 2561 2668 2746 2830 2863 2931 2986 3105 3347 3469 3865 3875 3576 3642 3537 3545 3549 3516 3594 3491 3465 3579 3577 3557 3554 3584 3550 3590 3613 3568 3618 3639 3634 3572 3595 3601 3636 3650 3670 3716 3828 
1964 1821 1696 1618 1462 1484 1405 1371 1350 1306 1415 1169 1142 1109 1092 1031 1025 991 959 854 817 802 766 714 692 635 612 599 615 557 455 409 386 379 415 294 273 188 205 289 153 81 -1 151 154 152 175 193 372 502 584 474 585 599 742 770 805 878 930 931 993 1054 1010 971 1098 1187 1233 1278 1349 1391 1439 1212 1248 1333 1401 1404 1440 1472 1566 1643 1699 1723 1861 1876 1888 1861 1883 1899 2039 2087 2145 2235 2223 2298 2318 2401 2490 2596 2674 2757 2790 2858 2913 3031 3271 3393 3787 3798 3500 3567 3463 3472 3475 3444 3521 3420 3395 3508 3507 3487 3486 3516 3484 3524 3547 3504 3554 3575 3571 3512 3535 3543 3577 3593 3614 3659 3769 
2086 1936 1804 1721 1543 1580 1492 1459 1442 1398 1530 1240 1219 1188 1180 1110 1116 1084 1055 906 867 818 781 786 706 702 631 599 732 671 538 470 411 373 364 411 400 280 186 192 301 230 151 -1 283 259 262 246 240 361 442 353 454 474 607 637 674 745 798 803 865 925 889 861 978 1064 1110 1156 1225 1268 1316 1119 1156 1234 1298 1307 1343 1377 1464 1537 1592 1618 1749 1766 1780 1760 1784 1803 1934 1982 2038 2126 2118 2190 2212 2293 2380 2483 2559 2641 2675 2742 2797 2913 3148 3269 3658 3669 3378 3444 3344 3354 3359 3329 3406 3309 3287 3398 3399 3382 3382 3413 3384 3424 3448 3410 3460 3482 3481 3429 3453 3463 3498 3515 3538 3583 3688 
1945 1814 1702 1630 1505 1509 1441 1406 1379 1337 1411 1227 1194 1158 1131 1082 1060 1024 989 936 901 913 879 780 807 709 726 725 625 575 522 501 507 516 564 334 298 283 355 442 149 128 154 283 -1 50 86 140 456 593 673 536 656 662 815 838 870 943 993 988 1050 1111 1054 1001 1140 1233 1277 1322 1394 1435 1482 1215 1249 1342 1415 1410 1444 1474 1576 1658 1715 1736 1884 1895 1903 1868 1888 1900 2051 2099 2157 2252 2235 2312 2329 2415 2507 2617 2697 2782 2814 2882 2938 3059 3307 3431 3834 3843 3535 3602 3492 3499 3501 3465 3544 3435 3407 3523 3519 3496 3491 3521 3484 3523 3545 3497 3547 3566 3559 3492 3514 3518 3552 3564 3584 3629 3746 
1994 1862 1749 1677 1547 1554 1485 1449 1423 1381 1459 1266 1234 1199 1174 1122 1103 1067 1033 969 934 937 902 817 830 744 749 742 670 619 557 530 526 527 566 373 339 308 356 431 189 152 152 259 50 -1 39 91 414 551 631 490 610 615 769 792 823 896 946 940 1003 1064 1005 952 1091 1184 1229 1273 1346 1386 1433 1166 1201 1293 1365 1362 1396 1426 1527 1609 1666 1687 1835 1846 1854 1819 1839 1851 2002 2050 2109 2203 2186 2263 2280 2366 2458 2568 2647 2733 2765 2833 2889 3010 3258 3382 3785 3794 3486 3553 3443 3450 3451 3416 3495 3386 3358 3474 3470 3447 3443 3472 3436 3475 3497 3449 3499 3519 3512 3446 3467 3472 3506 3519 3538 3584 3699 
2031 1900 1787 1715 1586 1592 1523 1488 1462 1419 1497 1304 1272 1237 1212 1161 1141 1106 1072 1005 969 969 934 854 861 780 780 771 709 658 594 564 556 554 586 411 377 341 377 442 227 187 175 262 86 39 -1 56 395 531 610 464 585 588 744 765 795 868 918 910 973 1034 974 918 1058 1152 1196 1241 1314 1354 1400 1129 1164 1257 1329 1325 1359 1389 1491 1572 1630 1650 1800 1811 1818 1782 1802 1814 1966 2014 2072 2167 2149 2226 2244 2330 2422 2532 2612 2697 2729 2798 2853 2975 3223 3348 3753 3761 3452 3518 3408 3415 3416 3381 3459 3350 3321 3438 3434 3410 3406 3435 3398 3437 3459 3411 3461 3481 3474 3407 3429 3433 3467 3480 3500 3545 3661 
2084 1952 1838 1765 1630 1640 1569 1534 1509 1466 1549 1345 1315 1280 1257 1203 1187 1152 1118 1040 1004 994 958 893 884 817 804 790 758 706 633 596 578 568 590 454 422 373 385 434 273 224 193 246 140 91 56 -1 348 483 561 412 533 535 691 712 742 815 864 856 918 979 918 863 1003 1097 1141 1185 1258 1298 1345 1076 1110 1203 1275 1271 1305 1335 1437 1518 1575 1596 1745 1756 1764 1729 1749 1761 1912 1960 2018 2113 2095 2172 2190 2276 2368 2478 2557 2643 2675 2743 2799 2920 3168 3292 3697 3706 3397 3463 3353 3360 3361 3326 3404 3296 3268 3384 3380 3357 3353 3382 3346 3385 3407 3359 3409 3429 3422 3357 3379 3384 3418 3432 3452 3497 3612 
2326 2176 2043 1959 1772 1815 1724 1692 1677 1632 1770 1465 1447 1417 1413 1340 1351 1320 1292 1123 1083 1009 972 1015 899 930 831 784 972 911 774 700 625 570 520 650 637 520 404 336 523 452 372 240 456 414 395 348 -1 137 218 118 215 234 371 399 436 507 560 563 625 686 649 626 739 824 870 916 986 1028 1076 894 931 1003 1065 1077 1114 1149 1231 1303 1357 1383 1511 1529 1544 1527 1553 1573 1699 1746 1802 1889 1882 1954 1976 2056 2142 2244 2320 2402 2436 2503 2558 2673 2909 3029 3419 3430 3138 3204 3104 3114 3119 3090 3167 3071 3050 3160 3161 3145 3146 3178 3150 3191 3215 3179 3229 3252 3252 3205 3230 3242 3277 3296 3321 3365 3465 
2442 2288 2149 2063 1862 1914 1818 1787 1775 1730 1882 1550 1537 1509 1510 1433 1451 1422 1395 1202 1163 1069 1033 1108 963 1022 901 845 1089 1027 878 797 711 646 575 770 760 636 502 407 654 583 502 361 593 551 531 483 137 -1 82 119 114 149 249 282 321 389 441 452 512 571 548 542 637 716 762 808 875 918 966 828 866 926 983 1001 1039 1075 1147 1214 1266 1295 1412 1433 1451 1441 1469 1493 1608 1655 1709 1792 1790 1859 1883 1960 2043 2142 2217 2297 2332 2398 2453 2566 2795 2915 3299 3311 3025 3091 2994 3005 3012 2986 3061 2970 2952 3060 3063 3049 3052 3084 3060 3101 3126 3095 3144 3168 3171 3130 3157 3172 3208 3228 3254 3298 3393 
2519 2363 2223 2136 1928 1985 1887 1856 1846 1800 1958 1616 1604 1577 1580 1501 1523 1494 1468 1265 1226 1124 1088 1177 1020 1092 962 902 1167 1105 953 869 780 711 633 849 841 715 575 473 736 664 584 442 673 631 610 561 218 82 -1 169 90 128 175 211 251 315 367 382 440 498 483 490 571 646 692 738 804 847 895 782 820 873 926 949 986 1023 1089 1152 1204 1234 1346 1367 1387 1381 1411 1436 1544 1591 1645 1726 1726 1793 1818 1894 1975 2073 2147 2226 2261 2327 2382 2493 2721 2839 3222 3234 2950 3016 2921 2933 2940 2915 2990 2901 2884 2991 2995 2982 2986 3019 2997 3037 3063 3034 3083 3108 3112 3075 3102 3118 3154 3176 3203 3246 3338 
2435 2288 2157 2074 1890 1931 1841 1809 1793 1749 1882 1583 1565 1535 1530 1458 1468 1436 1407 1240 1201 1124 1088 1132 1015 1047 948 899 1083 1022 890 817 743 687 633 760 744 633 522 452 622 551 474 353 536 490 464 412 118 119 169 -1 121 127 280 302 335 408 459 458 520 582 537 509 626 714 760 806 876 918 966 776 814 885 948 959 996 1031 1114 1186 1240 1267 1396 1413 1428 1409 1435 1455 1582 1630 1686 1773 1766 1838 1860 1940 2027 2130 2207 2289 2323 2390 2445 2561 2799 2920 3314 3324 3028 3095 2993 3002 3007 2977 3054 2956 2935 3045 3046 3029 3030 3061 3033 3073 3098 3062 3111 3134 3134 3087 3112 3124 3160 3179 3203 3247 3347 
2539 2388 2253 2168 1971 2021 1927 1895 1882 1837 1982 1661 1647 1618 1617 1542 1557 1527 1500 1314 1274 1182 1146 1216 1076 1131 1014 958 1185 1124 982 904 821 758 689 864 851 733 607 518 735 664 585 454 656 610 585 533 215 114 90 121 -1 40 160 186 222 294 346 350 411 472 439 429 529 612 658 704 773 815 863 714 752 812 870 888 925 961 1035 1102 1155 1183 1304 1324 1341 1329 1357 1380 1497 1544 1599 1683 1680 1749 1773 1851 1935 2035 2111 2192 2226 2293 2348 2462 2695 2816 3205 3216 2925 2991 2892 2902 2908 2881 2957 2863 2844 2953 2955 2940 2943 2974 2950 2990 3015 2983 3032 3056 3059 3017 3044 3058 3094 3115 3141 3184 3279 
2559 2409 2276 2192 1999 2047 1954 1922 1908 1863 2003 1690 1675 1646 1644 1569 1583 1552 1524 1344 1305 1216 1179 1243 1109 1158 1046 991 1205 1144 1006 930 850 788 722 883 868 754 633 549 748 678 599 474 662 615 588 535 234 149 128 127 40 -1 158 177 209 282 333 332 394 456 416 398 505 590 636 682 752 795 843 680 718 781 839 856 893 929 1005 1074 1127 1155 1279 1297 1314 1300 1327 1349 1469 1516 1572 1657 1652 1723 1746 1825 1910 2011 2087 2169 2203 2269 2325 2440 2675 2796 3189 3199 2905 2971 2871 2880 2886 2857 2934 2839 2818 2928 2929 2914 2916 2947 2922 2962 2987 2953 3003 3026 3028 2985 3011 3025 3061 3082 3107 3151 3247 
2690 2536 2397 2310 2103 2160 2061 2031 2020 1975 2130 1790 1779 1751 1755 1676 1697 1668 1642 1439 1400 1294 1258 1352 1191 1266 1134 1073 1337 1275 1126 1043 954 885 805 1017 1006 884 749 648 893 822 742 607 815 769 744 691 371 249 175 280 160 158 -1 38 78 141 193 208 265 324 312 335 399 472 517 563 629 672 720 632 669 711 760 787 824 861 922 982 1032 1063 1172 1194 1215 1212 1242 1268 1372 1418 1472 1552 1553 1620 1645 1720 1801 1898 1972 2052 2087 2152 2207 2319 2548 2667 3052 3063 2777 2843 2747 2758 2765 2740 2816 2727 2710 2816 2820 2808 2812 2845 2824 2864 2890 2863 2911 2937 2942 2907 2935 2953 2989 3012 3039 3082 3171 
2721 2568 2430 2344 2139 2194 2097 2066 2055 2010 2163 1826 1815 1787 1790 1711 1732 1702 1676 1475 1436 1331 1296 1387 1228 1301 1171 1110 1368 1306 1159 1078 990 921 842 1047 1035 915 782 683 920 849 770 637 838 792 765 712 399 282 211 302 186 177 38 -1 41 109 161 172 231 290 275 298 362 436 482 528 595 638 686 595 632 674 722 749 787 824 884 944 995 1026 1135 1157 1178 1174 1204 1231 1335 1381 1435 1515 1516 1583 1609 1684 1765 1863 1937 2017 2052 2117 2172 2285 2515 2634 3021 3032 2744 2810 2713 2724 2731 2705 2781 2691 2674 2781 2784 2772 2776 2808 2787 2827 2854 2826 2874 2899 2905 2870 2898 2915 2951 2974 3002 3045 3134 
2759 2607 2469 2383 2179 2234 2137 2106 2095 2050 2201 1866 1855 1827 1830 1751 1771 1742 1715 1516 1477 1371 1336 1427 1268 1341 1211 1150 1406 1344 1198 1117 1030 962 882 1085 1072 953 822 723 955 884 805 674 870 823 795 742 436 321 251 335 222 209 78 41 -1 74 125 132 192 252 234 262 321 396 442 488 555 598 646 559 596 635 682 710 748 785 844 904 955 985 1095 1117 1137 1134 1164 1191 1295 1341 1395 1475 1475 1543 1568 1643 1725 1823 1897 1977 2012 2078 2133 2245 2476 2596 2984 2995 2706 2772 2674 2685 2692 2666 2741 2651 2634 2741 2744 2732 2736 2768 2746 2787 2813 2785 2834 2859 2864 2830 2858 2875 2911 2935 2962 3005 3094 
2830 2676 2537 2451 2242 2300 2201 2171 2160 2115 2270 1929 1918 1891 1895 1816 1838 1809 1782 1577 1538 1428 1393 1492 1327 1407 1272 1208 1476 1414 1266 1184 1094 1025 942 1156 1144 1023 889 788 1028 957 878 745 943 896 868 815 507 389 315 408 294 282 141 109 74 -1 53 75 126 183 186 242 267 333 378 424 489 532 580 532 567 594 636 669 706 743 794 850 899 931 1034 1057 1079 1080 1112 1140 1237 1283 1336 1414 1417 1483 1509 1582 1662 1758 1832 1911 1946 2012 2067 2178 2407 2526 2913 2924 2636 2702 2606 2618 2625 2600 2675 2587 2571 2677 2681 2670 2674 2707 2687 2728 2754 2729 2777 2803 2809 2778 2807 2825 2862 2886 2914 2957 3043 
2882 2728 2589 2502 2292 2351 2252 2222 2212 2167 2323 1979 1969 1942 1946 1867 1889 1860 1834 1627 1588 1476 1441 1543 1375 1458 1321 1257 1528 1467 1318 1236 1146 1075 991 1208 1196 1076 941 839 1079 1009 930 798 993 946 918 864 560 441 367 459 346 333 193 161 125 53 -1 48 78 132 152 227 224 284 329 374 438 481 529 505 538 558 596 632 668 706 751 805 853 885 985 1009 1032 1035 1067 1097 1189 1235 1288 1365 1368 1434 1460 1533 1612 1708 1781 1860 1895 1961 2015 2127 2355 2474 2861 2872 2584 2650 2555 2566 2573 2549 2624 2537 2521 2626 2631 2620 2625 2658 2638 2679 2706 2681 2730 2755 2763 2733 2762 2782 2818 2843 2872 2914 2998 
2888 2737 2600 2515 2310 2366 2268 2238 2226 2181 2331 1997 1986 1958 1961 1883 1903 1873 1846 1646 1607 1500 1465 1558 1398 1473 1342 1279 1535 1473 1329 1249 1161 1093 1012 1213 1199 1082 953 855 1079 1009 931 803 988 940 910 856 563 452 382 458 350 332 208 172 132 75 48 -1 63 124 112 180 193 265 311 357 424 467 515 461 495 520 561 594 632 669 720 777 826 858 964 987 1008 1007 1038 1066 1165 1211 1265 1344 1345 1412 1438 1512 1594 1691 1766 1846 1880 1946 2001 2114 2346 2466 2857 2868 2576 2642 2543 2554 2561 2534 2610 2520 2503 2609 2613 2601 2605 2637 2616 2657 2683 2657 2705 2730 2737 2704 2733 2751 2788 2812 2840 2883 2969 
2950 2798 2661 2574 2367 2425 2326 2296 2285 2240 2392 2054 2043 2016 2020 1941 1962 1933 1906 1702 1663 1553 1518 1617 1452 1531 1397 1333 1596 1535 1390 1308 1219 1150 1067 1275 1262 1144 1013 912 1142 1071 993 865 1050 1003 973 918 625 512 440 520 411 394 265 231 192 126 78 63 -1 62 89 188 149 207 253 299 364 407 455 441 474 486 520 558 595 632 675 728 776 808 909 932 955 958 990 1020 1112 1158 1211 1289 1292 1357 1384 1457 1537 1633 1707 1787 1822 1887 1942 2054 2285 2405 2795 2806 2514 2581 2483 2494 2501 2475 2551 2462 2446 2552 2556 2544 2549 2582 2562 2603 2629 2604 2653 2678 2686 2656 2685 2705 2741 2766 2795 2837 2921 
3010 2858 2720 2633 2424 2483 2384 2353 2343 2298 2452 2110 2100 2073 2078 1998 2020 1991 1965 1758 1719 1605 1571 1674 1506 1589 1452 1387 1657 1595 1449 1367 1277 1207 1122 1336 1322 1204 1072 970 1203 1133 1054 925 1111 1064 1034 979 686 571 498 582 472 456 324 290 252 183 132 124 62 -1 104 213 121 155 199 244 307 350 398 429 458 457 484 527 562 599 633 681 727 761 855 880 904 911 944 976 1061 1107 1159 1234 1239 1304 1331 1403 1482 1576 1650 1729 1764 1829 1884 1996 2225 2345 2734 2745 2454 2521 2424 2435 2442 2417 2493 2405 2390 2495 2500 2489 2494 2527 2509 2549 2577 2553 2601 2627 2636 2609 2638 2659 2695 2721 2751 2793 2874 
