NAME : gr202_Li
TYPE : BWTSP
DIMENSION : 202
EDGE_WEIGHT_TYPE : EXPLICIT
EDGE_WEIGHT_FORMAT : FULL_MATRIX
EDGE_WEIGHT_SECTION
-1 52 115 118 160 190 230 261 297 337 387 431 452 503 547 586 597 634 687 756 771 799 846 881 909 978 1000 1046 1065 1138 1163 1192 1233 1294 1330 1356 1375 1430 1463 1509 1556 1598 1627 1655 1696 1738 1789 1817 1845 1894 1907 1951 1990 2026 2061 2098 2143 2185 2223 2256 2304 2354 2398 2432 2465 2502 2567 2620 2577 2616 2652 2702 2732 2857 2893 3107 3056 3054 3039 3048 3072 3101 3171 3178 3211 3255 3269 3288 3342 3384 3412 3432 3466 3508 3523 3567 3606 3638 3673 3706 3739 3781 3813 3849 3888 3920 3958 3997 4034 4071 4108 4143 4183 4218 4253 4292 4324 4357 4396 4432 4472 4506 4540 4580 4614 4649 4683 4721 4761 4798 4834 4870 4910 4946 4983 5017 5051 5090 5127 5164 5202 5236 5274 5311 5348 5381 5420 5456 5493 5530 5567 5604 5641 5678 5715 5771 5811 5843 5880 5917 5952 5991 6023 6059 6095 6135 6171 6206 6246 6279 6315 6354 6389 6426 6461 6498 6536 6574 6610 6647 6684 6719 6756 6794 6831 6869 6904 6942 6980 7015 7052 7089 7126 7163 7200 7237 7274 7311 7348 7385 7423 7460 
52 -1 64 105 147 166 208 224 263 298 343 385 411 458 501 540 557 595 643 709 726 756 801 837 866 932 956 1000 1022 1092 1117 1148 1188 1248 1284 1311 1331 1385 1418 1464 1511 1553 1582 1610 1651 1693 1743 1772 1800 1849 1863 1907 1946 1982 2017 2054 2098 2141 2179 2212 2260 2309 2353 2387 2420 2457 2521 2574 2534 2573 2609 2658 2689 2811 2847 3058 3008 3007 2993 3003 3028 3056 3126 3134 3167 3210 3226 3246 3299 3340 3369 3389 3424 3465 3482 3525 3564 3597 3632 3665 3699 3740 3772 3808 3848 3880 3918 3957 3993 4031 4068 4102 4142 4178 4213 4252 4284 4317 4356 4393 4433 4467 4501 4540 4575 4610 4644 4683 4722 4759 4795 4831 4871 4907 4944 4978 5013 5051 5088 5125 5163 5198 5236 5272 5310 5344 5382 5419 5456 5493 5530 5567 5604 5641 5679 5732 5771 5804 5841 5878 5913 5952 5985 6021 6057 6096 6132 6168 6207 6241 6277 6316 6351 6388 6423 6460 6498 6536 6572 6609 6646 6682 6718 6756 6793 6831 6867 6904 6942 6978 7015 7051 7089 7125 7163 7200 7237 7274 7311 7348 7386 7423 
115 64 -1 132 165 169 208 199 242 264 298 338 372 412 453 492 521 558 599 657 679 711 754 791 822 882 908 952 976 1041 1069 1100 1140 1197 1234 1262 1284 1336 1370 1415 1461 1502 1533 1562 1602 1644 1693 1723 1752 1800 1816 1859 1898 1934 1970 2007 2051 2093 2131 2165 2211 2260 2304 2338 2372 2408 2471 2523 2488 2527 2563 2611 2643 2760 2797 3003 2955 2955 2943 2954 2980 3009 3077 3086 3120 3163 3179 3200 3252 3294 3323 3344 3380 3421 3439 3482 3520 3554 3589 3623 3656 3698 3730 3767 3805 3838 3876 3915 3952 3989 4026 4061 4101 4136 4172 4210 4243 4277 4315 4352 4392 4426 4461 4500 4535 4571 4605 4643 4682 4719 4755 4792 4831 4868 4904 4939 4974 5013 5050 5087 5124 5160 5197 5234 5272 5307 5344 5381 5418 5455 5492 5530 5568 5605 5642 5692 5731 5764 5801 5838 5874 5912 5945 5982 6018 6057 6093 6129 6168 6202 6238 6277 6312 6349 6385 6422 6459 6497 6534 6571 6608 6644 6680 6718 6755 6793 6829 6866 6904 6940 6977 7014 7051 7088 7125 7163 7199 7237 7274 7311 7349 7387 
118 105 132 -1 43 75 113 159 189 238 300 346 353 412 458 497 492 529 591 670 678 701 751 786 810 887 905 952 967 1048 1069 1097 1138 1203 1239 1262 1277 1336 1367 1415 1463 1506 1533 1559 1600 1643 1695 1722 1748 1799 1808 1853 1893 1928 1962 2000 2045 2088 2126 2158 2207 2258 2303 2336 2369 2405 2473 2527 2477 2515 2551 2602 2631 2764 2800 3024 2968 2963 2945 2951 2975 3002 3075 3079 3113 3156 3169 3187 3241 3283 3311 3329 3363 3405 3418 3463 3501 3534 3568 3601 3634 3676 3707 3743 3782 3814 3852 3891 3927 3965 4002 4036 4077 4111 4146 4185 4217 4249 4288 4324 4365 4398 4432 4472 4505 4541 4573 4612 4653 4689 4725 4761 4802 4837 4874 4908 4941 4980 5017 5054 5092 5127 5164 5201 5238 5270 5310 5346 5383 5419 5456 5492 5530 5567 5604 5663 5702 5735 5771 5808 5844 5882 5914 5950 5986 6026 6062 6097 6136 6170 6205 6245 6279 6316 6350 6388 6426 6464 6500 6537 6573 6609 6645 6684 6721 6759 6794 6831 6869 6904 6942 6978 7016 7052 7090 7127 7163 7200 7237 7274 7311 7348 
160 147 165 43 -1 43 75 135 158 213 280 326 326 389 436 474 460 496 564 647 651 673 724 758 781 861 878 925 938 1022 1042 1069 1110 1177 1212 1235 1247 1308 1339 1387 1436 1478 1505 1531 1571 1614 1667 1694 1719 1770 1778 1824 1863 1898 1932 1969 2015 2058 2096 2128 2177 2229 2274 2307 2339 2375 2444 2499 2445 2484 2520 2571 2600 2736 2772 3000 2942 2936 2916 2922 2945 2972 3046 3049 3082 3125 3137 3154 3210 3252 3279 3296 3331 3372 3385 3430 3468 3500 3534 3567 3600 3642 3673 3709 3748 3779 3817 3856 3893 3931 3967 4001 4042 4077 4111 4150 4182 4214 4253 4289 4330 4363 4396 4437 4470 4505 4538 4577 4617 4653 4689 4725 4766 4802 4838 4872 4905 4944 4981 5018 5056 5090 5128 5164 5202 5233 5273 5309 5346 5382 5420 5455 5493 5530 5567 5628 5667 5699 5735 5772 5808 5847 5878 5914 5950 5990 6026 6061 6100 6134 6169 6209 6243 6280 6314 6352 6389 6428 6464 6500 6537 6572 6609 6647 6684 6723 6757 6795 6833 6868 6905 6941 6979 7015 7053 7090 7126 7163 7200 7237 7274 7311 
190 166 169 75 43 -1 42 93 117 171 238 284 284 347 394 432 419 456 522 605 609 631 682 716 739 819 836 883 896 980 1000 1027 1068 1135 1170 1193 1206 1266 1297 1345 1394 1436 1463 1489 1530 1573 1625 1652 1677 1729 1736 1782 1821 1856 1891 1928 1973 2017 2055 2087 2136 2187 2232 2265 2298 2334 2403 2457 2404 2443 2479 2530 2559 2694 2730 2958 2899 2894 2874 2880 2903 2930 3004 3008 3041 3084 3097 3114 3169 3211 3238 3256 3290 3332 3345 3390 3428 3460 3495 3528 3560 3603 3633 3669 3709 3740 3778 3817 3854 3891 3928 3962 4003 4038 4072 4111 4143 4175 4214 4250 4291 4324 4358 4398 4431 4467 4499 4538 4579 4615 4651 4687 4728 4763 4800 4834 4867 4906 4943 4980 5018 5052 5090 5127 5164 5196 5236 5272 5309 5345 5382 5418 5455 5492 5530 5589 5628 5661 5697 5734 5770 5808 5840 5876 5912 5952 5988 6023 6062 6096 6131 6171 6205 6242 6276 6314 6351 6390 6426 6463 6499 6535 6571 6610 6646 6685 6719 6757 6795 6830 6867 6903 6942 6978 7015 7052 7088 7126 7162 7200 7237 7274 
230 208 208 113 75 42 -1 83 91 151 224 269 259 326 374 411 388 424 496 583 583 603 655 689 710 794 808 856 867 954 973 999 1040 1108 1144 1165 1176 1238 1268 1317 1366 1409 1435 1460 1501 1544 1597 1623 1648 1700 1706 1752 1791 1826 1860 1897 1943 1987 2025 2056 2106 2158 2203 2236 2268 2304 2374 2429 2373 2411 2447 2498 2527 2666 2701 2934 2873 2867 2845 2850 2873 2900 2974 2977 3010 3053 3065 3081 3137 3179 3206 3223 3257 3299 3311 3356 3395 3427 3461 3494 3526 3569 3599 3635 3674 3705 3743 3782 3819 3857 3893 3927 3968 4003 4037 4076 4108 4140 4179 4215 4256 4289 4322 4363 4396 4431 4463 4503 4543 4579 4615 4651 4692 4728 4764 4798 4831 4870 4907 4944 4982 5016 5053 5090 5128 5159 5199 5235 5272 5308 5345 5381 5418 5455 5492 5553 5593 5625 5661 5698 5734 5772 5804 5840 5876 5916 5952 5987 6026 6060 6095 6134 6169 6206 6240 6277 6315 6353 6389 6426 6463 6498 6534 6573 6610 6648 6683 6721 6759 6793 6831 6866 6905 6941 6979 7016 7052 7089 7125 7163 7200 7237 
261 224 199 159 135 93 83 -1 44 80 145 192 195 254 301 340 337 374 433 513 519 543 592 627 652 729 747 794 809 890 911 939 980 1045 1080 1104 1119 1177 1209 1256 1305 1347 1375 1401 1442 1485 1537 1564 1590 1641 1650 1696 1735 1770 1805 1842 1887 1930 1968 2000 2049 2100 2145 2178 2210 2247 2315 2368 2320 2358 2394 2445 2474 2606 2641 2867 2809 2805 2786 2793 2817 2845 2917 2922 2955 2998 3012 3030 3084 3126 3154 3173 3208 3249 3263 3308 3346 3379 3413 3447 3480 3522 3553 3589 3628 3660 3698 3737 3774 3811 3848 3882 3923 3958 3993 4032 4064 4096 4135 4172 4212 4246 4280 4320 4353 4389 4422 4461 4501 4537 4573 4610 4650 4686 4722 4757 4791 4830 4866 4904 4942 4976 5014 5050 5088 5121 5160 5196 5233 5270 5307 5344 5381 5418 5456 5511 5550 5583 5619 5656 5692 5731 5763 5799 5835 5875 5911 5946 5985 6019 6055 6094 6129 6166 6201 6238 6276 6314 6350 6387 6424 6459 6496 6534 6571 6609 6644 6682 6720 6755 6792 6829 6866 6903 6941 6978 7014 7051 7088 7125 7163 7200 
297 263 242 189 158 117 91 44 -1 63 137 181 169 236 283 320 304 340 406 493 494 515 566 600 623 704 720 768 780 865 884 911 952 1019 1055 1077 1090 1150 1181 1229 1278 1321 1347 1373 1414 1456 1509 1536 1561 1612 1620 1666 1705 1740 1775 1812 1857 1901 1939 1970 2020 2071 2116 2149 2181 2218 2287 2341 2288 2327 2363 2414 2443 2578 2614 2844 2784 2779 2758 2764 2787 2814 2888 2891 2925 2968 2981 2998 3053 3095 3122 3140 3175 3217 3230 3274 3313 3345 3380 3413 3445 3488 3519 3555 3594 3626 3664 3703 3739 3777 3813 3848 3888 3923 3958 3997 4029 4061 4100 4137 4177 4211 4244 4284 4318 4353 4386 4425 4465 4502 4538 4574 4614 4650 4687 4721 4754 4793 4830 4867 4905 4940 4977 5014 5052 5084 5124 5160 5197 5233 5270 5307 5344 5381 5418 5476 5515 5547 5584 5621 5656 5695 5727 5763 5799 5839 5875 5910 5949 5983 6018 6058 6093 6130 6164 6202 6239 6277 6314 6350 6387 6423 6459 6497 6534 6573 6607 6645 6683 6718 6755 6792 6830 6866 6904 6941 6977 7014 7051 7088 7126 7163 
337 298 264 238 213 171 151 80 63 -1 75 119 116 176 224 262 260 298 354 435 440 464 513 548 574 649 668 715 730 810 832 859 900 965 1001 1025 1040 1098 1130 1177 1226 1268 1295 1322 1363 1405 1457 1485 1511 1561 1572 1617 1656 1691 1726 1763 1808 1851 1889 1921 1970 2021 2066 2099 2131 2168 2235 2289 2241 2280 2316 2366 2396 2526 2562 2788 2730 2726 2707 2714 2738 2766 2838 2843 2876 2920 2933 2952 3006 3048 3076 3095 3130 3171 3186 3230 3269 3301 3336 3370 3403 3445 3476 3512 3552 3584 3621 3660 3697 3735 3771 3806 3846 3881 3916 3955 3988 4020 4059 4096 4136 4170 4204 4244 4278 4313 4347 4386 4425 4462 4498 4534 4574 4610 4647 4681 4716 4754 4791 4828 4866 4901 4939 4975 5013 5047 5085 5122 5159 5196 5233 5270 5307 5344 5382 5435 5474 5507 5544 5581 5616 5655 5688 5724 5760 5799 5835 5871 5910 5944 5980 6019 6054 6091 6126 6163 6201 6239 6275 6312 6349 6385 6421 6459 6496 6534 6570 6607 6645 6681 6718 6754 6792 6829 6866 6903 6940 6977 7014 7051 7089 7126 
387 343 298 300 280 238 224 145 137 75 -1 47 83 116 160 200 230 266 302 371 384 414 459 495 525 591 614 659 680 752 776 806 846 908 944 969 989 1044 1076 1122 1170 1212 1240 1269 1309 1351 1402 1430 1458 1507 1521 1565 1604 1639 1675 1712 1756 1799 1837 1870 1918 1967 2012 2045 2078 2115 2180 2233 2192 2231 2267 2316 2347 2470 2506 2725 2671 2668 2652 2661 2686 2714 2784 2791 2825 2868 2884 2904 2957 2998 3027 3048 3083 3124 3141 3185 3223 3256 3291 3325 3359 3400 3433 3469 3508 3541 3578 3617 3654 3691 3728 3763 3803 3839 3874 3913 3946 3979 4018 4054 4094 4129 4163 4202 4237 4273 4308 4346 4385 4422 4458 4494 4534 4570 4607 4642 4677 4715 4752 4789 4827 4863 4900 4937 4974 5011 5047 5084 5121 5159 5196 5234 5271 5308 5346 5394 5433 5466 5503 5540 5576 5614 5648 5684 5720 5759 5796 5831 5870 5905 5941 5979 6015 6052 6087 6125 6162 6200 6237 6274 6310 6347 6383 6421 6458 6496 6532 6569 6607 6643 6680 6717 6754 6791 6828 6866 6903 6940 6977 7014 7053 7090 
431 385 338 346 326 284 269 192 181 119 47 -1 74 75 116 155 203 238 261 326 342 373 417 453 485 547 571 615 639 708 733 763 803 863 900 926 947 1000 1033 1079 1126 1168 1197 1226 1266 1308 1358 1387 1415 1464 1479 1522 1561 1597 1633 1670 1714 1756 1794 1828 1875 1924 1968 2002 2035 2072 2137 2189 2151 2189 2226 2274 2305 2427 2463 2680 2626 2623 2608 2618 2643 2672 2741 2749 2783 2826 2842 2863 2915 2956 2985 3007 3042 3083 3101 3144 3183 3216 3251 3285 3319 3360 3393 3429 3468 3501 3539 3578 3615 3652 3689 3724 3764 3799 3835 3873 3907 3941 3979 4016 4055 4090 4125 4164 4199 4235 4270 4308 4347 4383 4420 4456 4496 4532 4569 4604 4640 4677 4715 4752 4789 4825 4862 4899 4937 4974 5010 5047 5084 5122 5159 5197 5235 5272 5309 5355 5394 5428 5465 5502 5538 5576 5610 5646 5682 5721 5758 5793 5832 5867 5903 5942 5977 6014 6050 6087 6125 6162 6199 6236 6273 6309 6346 6384 6421 6458 6495 6532 6569 6606 6643 6680 6717 6754 6791 6828 6866 6903 6941 6977 7016 7054 
452 411 372 353 326 284 259 195 169 116 83 74 -1 75 121 155 150 187 239 326 326 349 399 433 458 536 553 600 615 697 717 744 785 851 887 910 925 983 1015 1062 1111 1153 1180 1207 1248 1290 1343 1370 1396 1446 1456 1501 1541 1576 1611 1648 1693 1736 1774 1806 1855 1906 1951 1984 2016 2053 2120 2174 2126 2165 2201 2251 2281 2411 2447 2676 2616 2611 2592 2599 2623 2651 2723 2728 2761 2804 2818 2837 2891 2933 2961 2980 3015 3056 3072 3116 3154 3187 3222 3255 3289 3330 3362 3398 3438 3470 3508 3546 3583 3621 3658 3692 3732 3768 3803 3842 3874 3907 3946 3983 4023 4057 4091 4131 4165 4200 4235 4273 4312 4349 4385 4422 4461 4498 4534 4569 4604 4642 4679 4716 4754 4789 4826 4863 4901 4936 4974 5010 5047 5084 5121 5159 5196 5233 5271 5322 5361 5394 5431 5468 5504 5542 5575 5611 5647 5687 5723 5759 5797 5832 5867 5906 5942 5979 6014 6051 6089 6127 6163 6200 6237 6273 6310 6347 6384 6422 6458 6496 6533 6569 6606 6643 6680 6717 6754 6792 6828 6865 6903 6940 6978 7015 
503 458 412 412 389 347 326 254 236 176 116 75 75 -1 48 86 139 171 187 259 269 299 344 380 411 476 498 544 565 637 661 690 731 793 829 854 873 928 961 1007 1055 1097 1125 1153 1194 1236 1287 1315 1343 1392 1406 1450 1489 1524 1560 1597 1641 1684 1722 1755 1802 1852 1896 1930 1963 2000 2065 2118 2078 2116 2152 2201 2232 2355 2391 2613 2556 2553 2537 2546 2571 2599 2669 2676 2710 2753 2769 2789 2842 2883 2912 2933 2968 3009 3027 3070 3109 3142 3177 3211 3245 3286 3319 3355 3394 3427 3465 3504 3540 3578 3615 3650 3690 3725 3761 3799 3833 3866 3905 3942 3981 4016 4051 4090 4124 4161 4195 4234 4272 4309 4345 4382 4421 4458 4494 4530 4565 4603 4640 4677 4715 4751 4788 4825 4862 4900 4936 4973 5010 5047 5085 5123 5160 5198 5235 5281 5320 5354 5390 5427 5463 5502 5535 5572 5608 5647 5683 5719 5758 5793 5829 5867 5903 5940 5976 6013 6050 6088 6125 6162 6199 6235 6272 6309 6347 6384 6420 6458 6495 6532 6569 6606 6643 6680 6717 6754 6791 6828 6866 6903 6942 6979 
547 501 453 458 436 394 374 301 283 224 160 116 121 48 -1 40 135 159 149 212 226 260 302 338 372 431 456 500 524 592 617 647 688 748 784 810 831 885 918 963 1010 1052 1081 1110 1150 1192 1243 1272 1300 1348 1363 1407 1446 1482 1517 1555 1598 1641 1679 1712 1759 1808 1853 1886 1920 1956 2021 2074 2036 2074 2111 2159 2190 2311 2347 2566 2511 2508 2493 2502 2528 2556 2626 2633 2667 2710 2727 2748 2800 2841 2870 2892 2927 2968 2987 3030 3068 3102 3137 3172 3206 3247 3279 3316 3355 3388 3426 3464 3501 3539 3575 3611 3650 3686 3722 3760 3794 3828 3866 3903 3942 3977 4012 4051 4086 4122 4158 4196 4234 4271 4307 4344 4383 4420 4456 4492 4528 4566 4603 4640 4677 4713 4751 4788 4825 4863 4899 4936 4973 5011 5048 5087 5124 5161 5199 5243 5281 5315 5352 5389 5425 5463 5497 5534 5570 5609 5645 5681 5720 5755 5791 5829 5865 5902 5938 5976 6013 6051 6087 6124 6161 6198 6235 6272 6309 6347 6383 6420 6458 6494 6532 6569 6606 6643 6680 6717 6755 6791 6830 6866 6905 6943 
586 540 492 497 474 432 411 340 320 262 200 155 155 86 40 -1 131 146 114 173 188 223 263 300 334 392 417 461 486 553 578 608 649 709 745 771 792 845 879 924 971 1013 1042 1071 1111 1153 1203 1232 1260 1309 1324 1368 1407 1443 1478 1516 1559 1602 1640 1673 1720 1769 1813 1847 1881 1917 1982 2035 1997 2035 2072 2120 2151 2272 2308 2527 2472 2469 2453 2463 2488 2517 2586 2594 2628 2671 2688 2709 2761 2802 2831 2853 2889 2930 2949 2992 3030 3064 3099 3133 3167 3208 3241 3278 3317 3350 3388 3426 3463 3501 3537 3573 3612 3648 3684 3722 3756 3790 3828 3865 3904 3939 3975 4013 4049 4085 4120 4158 4197 4233 4270 4307 4346 4382 4419 4455 4491 4528 4565 4602 4640 4676 4713 4750 4788 4826 4862 4899 4936 4974 5011 5050 5087 5124 5162 5205 5244 5277 5314 5351 5388 5426 5460 5496 5533 5571 5608 5644 5682 5717 5754 5792 5828 5865 5901 5938 5976 6013 6050 6087 6124 6161 6198 6235 6272 6310 6346 6383 6421 6457 6494 6532 6569 6606 6643 6680 6718 6754 6793 6829 6869 6906 
597 557 521 492 460 419 388 337 304 260 230 203 150 139 135 131 -1 38 128 242 212 220 276 307 323 418 425 474 479 575 589 613 654 727 761 780 789 852 881 930 981 1023 1048 1073 1114 1157 1211 1236 1260 1312 1318 1364 1403 1438 1472 1509 1555 1599 1637 1668 1718 1770 1816 1848 1880 1916 1986 2042 1985 2024 2060 2111 2140 2278 2314 2554 2489 2481 2458 2462 2485 2512 2587 2589 2622 2666 2678 2695 2750 2792 2819 2837 2872 2914 2927 2972 3010 3043 3077 3111 3143 3186 3217 3253 3292 3324 3362 3401 3438 3475 3512 3546 3587 3622 3657 3696 3728 3761 3799 3836 3876 3910 3944 3984 4018 4053 4087 4126 4165 4202 4238 4274 4314 4350 4387 4421 4456 4494 4531 4568 4606 4641 4679 4715 4753 4787 4825 4862 4899 4936 4973 5011 5048 5085 5122 5175 5214 5247 5284 5321 5356 5395 5428 5464 5500 5539 5575 5611 5650 5684 5720 5759 5794 5831 5866 5903 5941 5979 6015 6052 6089 6125 6161 6199 6236 6274 6310 6347 6385 6421 6458 6494 6532 6569 6606 6643 6680 6717 6754 6791 6829 6867 
634 595 558 529 496 456 424 374 340 298 266 238 187 171 159 146 38 -1 110 227 188 190 247 276 289 389 393 443 445 544 557 579 621 695 728 746 754 818 847 896 947 990 1014 1038 1079 1122 1177 1202 1225 1278 1282 1329 1368 1403 1437 1474 1520 1563 1601 1633 1683 1735 1781 1813 1845 1881 1952 2007 1949 1988 2024 2075 2104 2244 2279 2522 2455 2447 2423 2427 2449 2476 2551 2553 2586 2630 2641 2659 2714 2756 2783 2801 2835 2877 2891 2935 2974 3006 3040 3074 3106 3149 3180 3216 3255 3287 3325 3364 3401 3438 3475 3509 3550 3585 3620 3659 3691 3724 3762 3799 3839 3873 3907 3947 3981 4016 4050 4089 4128 4165 4201 4237 4277 4313 4350 4384 4419 4457 4494 4531 4569 4604 4641 4678 4716 4750 4788 4825 4862 4899 4936 4973 5011 5048 5085 5138 5177 5210 5247 5284 5319 5358 5391 5427 5463 5502 5538 5574 5613 5647 5683 5722 5757 5794 5829 5866 5904 5942 5978 6015 6052 6088 6124 6162 6199 6237 6273 6310 6348 6384 6421 6457 6495 6532 6569 6606 6643 6680 6717 6754 6792 6830 
687 643 599 591 564 522 496 433 406 354 302 261 239 187 149 114 128 110 -1 117 89 113 160 195 224 299 315 362 379 459 479 506 547 613 649 672 688 745 777 824 873 915 942 969 1010 1052 1104 1132 1158 1208 1220 1265 1304 1339 1374 1412 1456 1499 1537 1570 1618 1668 1713 1746 1779 1815 1882 1936 1891 1930 1966 2015 2046 2173 2209 2439 2378 2373 2354 2362 2386 2414 2485 2491 2525 2568 2583 2603 2656 2697 2726 2747 2782 2823 2841 2884 2922 2955 2991 3025 3059 3100 3132 3169 3208 3241 3278 3317 3354 3391 3428 3463 3503 3539 3574 3613 3646 3680 3718 3755 3795 3829 3864 3903 3938 3974 4009 4047 4086 4123 4159 4196 4235 4271 4308 4344 4380 4417 4454 4491 4529 4565 4602 4639 4677 4714 4750 4788 4825 4862 4899 4938 4975 5013 5050 5095 5134 5167 5204 5241 5277 5315 5349 5386 5422 5461 5497 5533 5572 5607 5643 5681 5717 5754 5790 5827 5865 5902 5939 5976 6013 6049 6086 6124 6161 6198 6235 6272 6309 6346 6383 6420 6457 6494 6532 6569 6606 6643 6681 6718 6757 6794 
756 709 657 670 647 605 583 513 493 435 371 326 326 259 212 173 242 227 117 -1 73 122 123 158 206 226 260 299 336 385 414 448 487 540 577 606 634 681 715 759 804 846 876 907 947 988 1037 1067 1097 1144 1163 1205 1244 1280 1316 1354 1397 1438 1476 1510 1556 1604 1647 1682 1715 1752 1815 1866 1837 1875 1912 1958 1990 2103 2140 2355 2301 2299 2286 2298 2324 2353 2420 2431 2465 2507 2526 2549 2599 2640 2670 2695 2730 2771 2793 2835 2873 2907 2943 2978 3013 3053 3087 3124 3162 3197 3234 3272 3309 3347 3384 3419 3458 3494 3531 3569 3603 3639 3676 3713 3752 3788 3824 3862 3898 3934 3971 4008 4046 4083 4120 4157 4195 4232 4268 4305 4342 4379 4416 4453 4491 4528 4565 4602 4639 4681 4714 4752 4789 4827 4864 4905 4942 4979 5017 5053 5091 5126 5163 5200 5236 5274 5309 5346 5382 5420 5457 5494 5532 5567 5604 5642 5678 5715 5752 5789 5826 5864 5901 5938 5975 6012 6049 6086 6123 6160 6198 6235 6272 6309 6346 6384 6421 6458 6495 6532 6570 6607 6646 6682 6722 6760 
771 726 679 678 651 609 583 519 494 440 384 342 326 269 226 188 212 188 89 73 -1 50 76 112 151 211 230 275 298 371 393 422 462 526 562 586 605 660 692 739 787 829 857 885 925 967 1019 1047 1074 1123 1137 1181 1220 1256 1291 1329 1373 1415 1453 1486 1534 1583 1628 1661 1695 1731 1797 1850 1810 1848 1885 1933 1964 2087 2123 2351 2291 2286 2269 2277 2302 2331 2401 2408 2442 2485 2501 2522 2574 2615 2644 2666 2701 2742 2762 2804 2843 2876 2912 2946 2980 3021 3054 3091 3130 3163 3201 3239 3276 3314 3350 3386 3425 3461 3497 3535 3569 3604 3642 3679 3718 3753 3788 3827 3862 3899 3934 3972 4010 4047 4084 4121 4159 4196 4233 4269 4305 4342 4380 4417 4454 4491 4528 4565 4602 4641 4676 4714 4751 4789 4826 4865 4903 4940 4978 5018 5057 5091 5128 5165 5201 5239 5273 5310 5346 5385 5422 5458 5496 5531 5568 5606 5642 5679 5715 5753 5790 5827 5864 5901 5938 5975 6012 6049 6086 6124 6160 6198 6235 6272 6309 6346 6383 6420 6457 6494 6532 6569 6608 6644 6684 6721 
799 756 711 701 673 631 603 543 515 464 414 373 349 299 260 223 220 190 113 122 50 -1 58 87 112 199 206 255 267 355 371 396 437 507 542 562 576 635 667 714 764 806 832 858 899 942 995 1021 1047 1098 1108 1153 1192 1228 1263 1300 1345 1387 1426 1458 1507 1557 1602 1635 1668 1704 1772 1826 1779 1818 1854 1903 1934 2063 2099 2335 2271 2264 2244 2251 2275 2302 2374 2380 2413 2456 2471 2491 2544 2585 2614 2634 2670 2711 2728 2772 2810 2843 2878 2913 2946 2987 3020 3057 3095 3129 3166 3205 3242 3279 3316 3351 3391 3427 3462 3501 3534 3568 3606 3643 3683 3717 3752 3791 3826 3863 3898 3936 3974 4011 4048 4084 4123 4160 4196 4232 4268 4306 4343 4380 4417 4454 4491 4528 4565 4604 4639 4676 4713 4751 4788 4827 4864 4902 4940 4983 5022 5055 5092 5129 5165 5203 5237 5274 5310 5349 5386 5421 5460 5495 5531 5570 5605 5643 5678 5716 5753 5791 5827 5864 5901 5938 5975 6012 6049 6087 6123 6161 6198 6235 6272 6309 6346 6383 6420 6457 6495 6532 6570 6607 6646 6683 
846 801 754 751 724 682 655 592 566 513 459 417 399 344 302 263 276 247 160 123 76 58 -1 38 83 143 155 202 224 301 319 347 388 454 489 512 530 586 618 665 713 755 783 810 851 893 945 973 1000 1049 1062 1106 1145 1181 1216 1254 1298 1340 1379 1412 1459 1509 1554 1587 1620 1657 1723 1777 1735 1773 1810 1858 1889 2014 2050 2281 2219 2213 2195 2203 2227 2256 2326 2333 2367 2410 2426 2447 2499 2540 2569 2591 2626 2667 2687 2729 2768 2801 2837 2871 2906 2946 2979 3016 3055 3088 3126 3164 3201 3239 3276 3311 3351 3386 3422 3460 3494 3529 3567 3604 3643 3678 3714 3752 3788 3824 3860 3898 3936 3973 4009 4046 4085 4121 4158 4194 4231 4268 4305 4342 4380 4416 4453 4491 4528 4568 4602 4640 4677 4715 4752 4792 4829 4866 4904 4944 4982 5016 5053 5090 5127 5165 5199 5235 5272 5311 5347 5383 5421 5457 5493 5532 5568 5605 5641 5678 5715 5753 5790 5827 5864 5901 5938 5975 6012 6049 6086 6123 6161 6198 6235 6272 6309 6346 6383 6420 6458 6495 6534 6570 6610 6647 
881 837 791 786 758 716 689 627 600 548 495 453 433 380 338 300 307 276 195 158 112 87 38 -1 53 116 120 169 187 269 285 312 353 421 456 477 494 551 582 630 678 721 748 775 815 858 910 937 964 1014 1026 1070 1109 1145 1180 1218 1262 1304 1343 1375 1423 1473 1518 1551 1584 1621 1688 1742 1698 1737 1773 1821 1852 1979 2014 2248 2185 2179 2159 2167 2192 2220 2291 2297 2331 2374 2389 2410 2462 2504 2533 2554 2590 2630 2650 2693 2731 2764 2800 2834 2869 2909 2942 2979 3018 3051 3089 3127 3164 3202 3239 3274 3313 3349 3385 3423 3457 3492 3530 3567 3606 3641 3677 3715 3751 3787 3823 3861 3899 3936 3972 4009 4048 4084 4121 4157 4194 4231 4268 4305 4343 4379 4416 4453 4491 4530 4565 4603 4640 4678 4715 4755 4792 4829 4867 4907 4945 4979 5016 5053 5089 5127 5162 5198 5235 5273 5310 5346 5384 5420 5456 5494 5530 5568 5604 5641 5678 5716 5753 5790 5827 5864 5901 5938 5975 6012 6049 6086 6123 6161 6198 6235 6272 6309 6346 6383 6421 6458 6496 6533 6573 6610 
909 866 822 810 781 739 710 652 623 574 525 485 458 411 372 334 323 289 224 206 151 112 83 53 -1 131 110 161 158 264 270 291 332 408 441 458 467 529 559 608 659 701 726 751 792 835 889 914 939 990 998 1044 1083 1118 1153 1190 1235 1278 1316 1348 1398 1449 1494 1527 1559 1595 1665 1720 1669 1707 1743 1793 1823 1956 1992 2235 2167 2159 2136 2142 2165 2193 2266 2270 2303 2347 2360 2380 2433 2475 2503 2523 2558 2600 2617 2660 2699 2732 2767 2801 2835 2876 2909 2945 2984 3017 3055 3093 3130 3168 3204 3240 3279 3315 3351 3389 3423 3457 3495 3532 3571 3606 3641 3680 3715 3751 3786 3824 3863 3900 3936 3973 4012 4048 4085 4121 4157 4194 4231 4269 4306 4342 4379 4417 4454 4492 4528 4565 4602 4640 4677 4716 4753 4791 4828 4871 4910 4944 4981 5018 5054 5092 5126 5162 5199 5238 5274 5310 5348 5384 5420 5458 5494 5531 5567 5604 5642 5679 5716 5753 5790 5827 5864 5901 5938 5976 6012 6049 6087 6123 6160 6198 6235 6272 6309 6346 6384 6420 6459 6495 6535 6572 
978 932 882 887 861 819 794 729 704 649 591 547 536 476 431 392 418 389 299 226 211 199 143 116 131 -1 58 75 134 161 188 223 261 317 353 381 409 455 490 534 580 621 651 681 721 763 812 842 871 918 938 980 1019 1055 1091 1128 1171 1212 1251 1285 1331 1379 1423 1457 1490 1527 1590 1643 1611 1650 1686 1732 1765 1880 1916 2141 2081 2077 2062 2073 2099 2128 2196 2205 2239 2282 2300 2324 2374 2415 2445 2469 2505 2545 2568 2610 2648 2682 2718 2753 2789 2828 2863 2899 2938 2972 3010 3048 3085 3122 3159 3195 3234 3270 3306 3344 3380 3415 3453 3490 3528 3564 3600 3638 3675 3711 3749 3786 3823 3860 3897 3934 3972 4008 4045 4082 4120 4157 4194 4231 4268 4306 4343 4380 4417 4460 4492 4530 4568 4606 4643 4684 4721 4759 4797 4829 4867 4902 4939 4976 5013 5050 5086 5122 5159 5197 5234 5270 5308 5344 5381 5419 5455 5493 5530 5567 5604 5641 5678 5715 5752 5790 5827 5864 5901 5938 5975 6012 6049 6087 6124 6162 6198 6236 6273 6310 6348 6385 6424 6460 6501 6538 
1000 956 908 905 878 836 808 747 720 668 614 571 553 498 456 417 425 393 315 260 230 206 155 120 110 58 -1 51 80 154 165 192 233 302 336 357 376 431 463 510 559 601 628 655 696 738 790 818 845 894 908 952 991 1027 1062 1100 1143 1186 1224 1257 1305 1354 1399 1432 1465 1502 1568 1622 1581 1619 1656 1704 1735 1859 1895 2130 2065 2059 2040 2048 2073 2101 2172 2178 2212 2255 2272 2293 2345 2386 2415 2438 2473 2514 2535 2577 2615 2649 2685 2720 2754 2795 2828 2865 2903 2938 2975 3013 3050 3088 3125 3160 3199 3235 3271 3310 3344 3379 3417 3454 3493 3528 3564 3602 3638 3675 3711 3749 3786 3823 3860 3897 3935 3972 4009 4045 4083 4119 4157 4194 4231 4268 4305 4342 4379 4421 4454 4492 4529 4567 4604 4645 4682 4719 4758 4793 4832 4866 4903 4940 4977 5015 5049 5086 5123 5161 5198 5234 5272 5308 5344 5382 5419 5456 5492 5530 5567 5604 5641 5678 5715 5752 5790 5826 5864 5901 5938 5975 6012 6049 6087 6124 6161 6198 6235 6272 6310 6347 6386 6422 6462 6500 
1046 1000 952 952 925 883 856 794 768 715 659 615 600 544 500 461 474 443 362 299 275 255 202 169 161 75 51 -1 75 103 118 150 189 253 288 311 335 385 419 464 512 554 582 611 651 693 744 772 800 849 866 908 947 983 1019 1057 1100 1142 1180 1213 1260 1309 1353 1387 1420 1457 1522 1575 1539 1577 1614 1661 1693 1813 1848 2080 2017 2012 1994 2003 2028 2057 2126 2135 2169 2211 2229 2252 2302 2343 2373 2397 2432 2473 2495 2537 2575 2609 2645 2680 2715 2755 2789 2826 2864 2899 2936 2974 3011 3049 3086 3122 3160 3197 3233 3271 3306 3341 3379 3416 3454 3490 3526 3564 3600 3637 3674 3711 3749 3786 3823 3860 3897 3934 3971 4008 4046 4082 4120 4157 4194 4231 4268 4305 4342 4385 4418 4456 4493 4531 4568 4610 4647 4684 4722 4755 4793 4828 4865 4902 4939 4976 5012 5048 5085 5123 5160 5196 5234 5270 5307 5345 5381 5418 5455 5492 5530 5567 5604 5641 5678 5715 5753 5789 5827 5864 5901 5938 5975 6013 6050 6088 6124 6162 6198 6235 6274 6310 6350 6386 6426 6464 
1065 1022 976 967 938 896 867 809 780 730 680 639 615 565 524 486 479 445 379 336 298 267 224 187 158 134 80 75 -1 141 125 137 178 261 291 303 310 373 402 452 503 546 570 594 635 678 732 757 782 833 842 887 926 961 996 1034 1078 1121 1160 1192 1241 1292 1337 1370 1402 1438 1508 1563 1513 1552 1588 1637 1667 1800 1835 2081 2011 2002 1979 1985 2008 2036 2109 2113 2147 2190 2205 2225 2278 2319 2347 2369 2404 2445 2464 2507 2545 2578 2614 2648 2682 2723 2756 2793 2832 2865 2903 2941 2978 3016 3053 3088 3127 3163 3199 3237 3271 3306 3344 3381 3420 3455 3491 3529 3565 3601 3637 3675 3713 3750 3786 3823 3862 3898 3935 3971 4008 4045 4082 4120 4157 4194 4231 4268 4305 4346 4380 4417 4455 4492 4529 4570 4607 4644 4682 4721 4759 4793 4830 4867 4904 4942 4976 5013 5049 5088 5124 5160 5199 5234 5271 5309 5345 5382 5418 5455 5493 5530 5567 5604 5641 5678 5715 5752 5789 5827 5864 5901 5938 5975 6012 6050 6086 6124 6161 6198 6236 6272 6311 6348 6388 6425 
1138 1092 1041 1048 1022 980 954 890 865 810 752 708 697 637 592 553 575 544 459 385 371 355 301 269 264 161 154 103 141 -1 51 94 118 156 193 224 264 299 335 376 420 462 493 525 564 605 652 683 714 760 783 824 862 899 935 973 1014 1055 1093 1128 1173 1220 1263 1298 1332 1369 1431 1483 1456 1495 1531 1576 1609 1720 1756 1981 1920 1917 1902 1914 1940 1970 2036 2047 2082 2124 2144 2169 2217 2258 2289 2315 2351 2391 2416 2457 2495 2530 2566 2602 2637 2676 2711 2748 2786 2822 2859 2897 2934 2971 3008 3045 3083 3119 3156 3194 3230 3266 3303 3340 3378 3415 3452 3489 3526 3563 3601 3637 3674 3711 3749 3786 3823 3860 3897 3934 3973 4009 4046 4083 4120 4158 4195 4233 4269 4315 4345 4384 4421 4460 4497 4539 4576 4614 4652 4679 4717 4752 4789 4826 4863 4900 4936 4973 5010 5048 5085 5121 5159 5196 5233 5270 5307 5344 5382 5419 5456 5493 5530 5567 5604 5642 5679 5716 5753 5790 5828 5864 5901 5939 5976 6015 6051 6089 6125 6162 6201 6237 6277 6313 6355 6392 
1163 1117 1069 1069 1042 1000 973 911 884 832 776 733 717 661 617 578 589 557 479 414 393 371 319 285 270 188 165 118 125 51 -1 44 75 139 172 194 223 268 302 347 395 437 465 494 534 576 627 655 684 732 750 792 831 867 903 941 984 1025 1063 1097 1143 1192 1236 1270 1304 1340 1405 1458 1424 1462 1499 1545 1577 1695 1731 1966 1901 1895 1877 1886 1912 1941 2009 2018 2052 2095 2113 2136 2186 2227 2257 2282 2317 2358 2381 2422 2461 2495 2531 2567 2602 2641 2676 2713 2751 2786 2823 2861 2898 2936 2973 3009 3047 3084 3120 3158 3193 3229 3267 3304 3342 3378 3415 3452 3489 3526 3563 3600 3637 3674 3711 3748 3786 3823 3860 3897 3935 3971 4009 4046 4083 4121 4158 4195 4232 4276 4307 4346 4383 4421 4458 4500 4537 4575 4613 4642 4681 4716 4753 4790 4826 4864 4900 4936 4973 5011 5048 5085 5122 5159 5196 5233 5270 5307 5344 5381 5418 5455 5493 5530 5567 5604 5642 5678 5715 5752 5790 5827 5864 5902 5939 5977 6013 6051 6087 6125 6163 6200 6239 6275 6316 6354 
1192 1148 1100 1097 1069 1027 999 939 911 859 806 763 744 690 647 608 613 579 506 448 422 396 347 312 291 223 192 150 137 94 44 -1 42 128 155 167 186 240 271 319 368 411 437 463 504 547 599 626 653 703 717 760 799 835 870 908 952 994 1032 1065 1113 1162 1207 1240 1273 1310 1376 1431 1390 1428 1465 1512 1544 1668 1703 1945 1877 1869 1848 1856 1881 1909 1980 1987 2021 2063 2080 2103 2153 2195 2224 2248 2283 2324 2346 2387 2426 2460 2496 2531 2566 2606 2640 2677 2715 2750 2787 2825 2862 2900 2937 2973 3011 3048 3084 3122 3157 3193 3230 3267 3305 3341 3378 3416 3452 3489 3526 3563 3600 3637 3674 3711 3749 3786 3823 3860 3898 3934 3971 4008 4045 4083 4120 4157 4194 4237 4270 4308 4345 4384 4420 4462 4499 4536 4575 4606 4644 4679 4716 4753 4790 4828 4863 4900 4936 4974 5011 5048 5086 5122 5159 5196 5233 5270 5307 5344 5381 5418 5455 5492 5530 5567 5604 5641 5678 5715 5753 5790 5827 5864 5901 5940 5976 6014 6050 6087 6126 6162 6202 6238 6278 6316 
1233 1188 1140 1138 1110 1068 1040 980 952 900 846 803 785 731 688 649 654 621 547 487 462 437 388 353 332 261 233 189 178 118 75 42 -1 94 116 126 149 198 231 277 327 370 396 423 463 506 558 585 612 662 677 720 759 795 831 868 911 954 992 1025 1072 1121 1166 1199 1233 1269 1335 1390 1351 1389 1426 1472 1504 1627 1662 1904 1835 1828 1807 1815 1840 1869 1939 1946 1980 2023 2040 2063 2114 2155 2184 2208 2244 2284 2308 2349 2387 2421 2457 2493 2528 2567 2602 2639 2677 2712 2749 2787 2824 2862 2899 2935 2973 3010 3046 3084 3119 3155 3193 3230 3268 3304 3340 3378 3415 3452 3489 3526 3563 3600 3637 3674 3712 3748 3786 3823 3861 3897 3934 3971 4008 4046 4083 4120 4157 4201 4233 4271 4309 4347 4384 4426 4463 4500 4539 4568 4607 4642 4679 4716 4752 4790 4825 4862 4899 4937 4974 5010 5048 5084 5121 5159 5196 5233 5270 5307 5344 5381 5418 5455 5493 5530 5568 5604 5641 5678 5716 5753 5790 5828 5865 5903 5939 5977 6013 6050 6089 6125 6165 6201 6242 6280 
1294 1248 1197 1203 1177 1135 1108 1045 1019 965 908 863 851 793 748 709 727 695 613 540 526 507 454 421 408 317 302 253 261 156 139 128 94 -1 38 80 145 150 188 223 265 306 338 372 411 451 497 528 561 605 632 671 709 746 783 820 861 901 939 974 1018 1065 1108 1142 1177 1214 1275 1327 1304 1342 1379 1423 1456 1564 1600 1828 1765 1761 1746 1758 1785 1815 1881 1892 1927 1969 1990 2016 2064 2104 2135 2162 2199 2238 2266 2306 2343 2379 2415 2451 2488 2526 2562 2599 2636 2673 2710 2747 2784 2822 2859 2895 2933 2970 3007 3044 3081 3118 3155 3192 3229 3266 3303 3340 3378 3415 3454 3490 3526 3563 3601 3638 3674 3712 3749 3787 3826 3862 3899 3936 3973 4012 4048 4086 4122 4169 4199 4238 4275 4314 4351 4394 4431 4469 4507 4529 4567 4603 4640 4677 4714 4751 4787 4825 4862 4899 4936 4973 5010 5047 5085 5121 5159 5196 5234 5271 5308 5344 5382 5419 5456 5494 5532 5568 5605 5642 5680 5717 5753 5792 5829 5868 5903 5941 5977 6015 6054 6090 6130 6166 6208 6246 
1330 1284 1234 1239 1212 1170 1144 1080 1055 1001 944 900 887 829 784 745 761 728 649 577 562 542 489 456 441 353 336 288 291 193 172 155 116 38 -1 49 122 114 152 186 228 269 301 335 374 413 460 491 523 568 595 634 672 709 745 783 823 864 902 937 981 1028 1071 1105 1140 1177 1238 1290 1267 1305 1342 1385 1419 1527 1564 1794 1730 1725 1710 1721 1748 1778 1844 1855 1890 1932 1953 1979 2026 2067 2098 2125 2161 2201 2229 2268 2306 2342 2378 2414 2450 2489 2525 2562 2599 2635 2673 2710 2747 2784 2821 2858 2896 2933 2969 3007 3043 3081 3118 3155 3192 3229 3266 3303 3341 3378 3417 3453 3489 3526 3564 3601 3637 3675 3712 3750 3789 3825 3862 3899 3936 3975 4011 4049 4085 4132 4162 4201 4238 4277 4314 4358 4395 4432 4470 4492 4530 4566 4603 4640 4677 4714 4750 4787 4825 4862 4899 4936 4973 5010 5048 5084 5122 5159 5197 5234 5271 5307 5345 5382 5419 5457 5495 5531 5568 5604 5643 5680 5716 5755 5792 5831 5866 5904 5940 5978 6017 6053 6094 6129 6171 6209 
1356 1311 1262 1262 1235 1193 1165 1104 1077 1025 969 926 910 854 810 771 780 746 672 606 586 562 512 477 458 381 357 311 303 224 194 167 126 80 49 -1 76 76 112 154 202 244 272 302 341 383 433 462 491 539 559 600 639 675 712 749 791 833 871 905 951 999 1043 1077 1110 1147 1212 1265 1233 1271 1308 1353 1386 1502 1538 1779 1710 1702 1683 1693 1719 1748 1816 1825 1859 1902 1921 1945 1994 2035 2066 2091 2127 2167 2193 2233 2271 2306 2342 2378 2414 2453 2488 2525 2563 2599 2636 2674 2711 2748 2785 2822 2860 2896 2933 2971 3007 3043 3081 3118 3155 3192 3229 3266 3303 3341 3379 3415 3452 3489 3526 3563 3600 3637 3674 3712 3751 3787 3824 3861 3898 3936 3973 4011 4047 4093 4124 4162 4200 4239 4275 4318 4355 4393 4431 4455 4493 4529 4566 4603 4640 4677 4713 4750 4787 4825 4862 4899 4936 4973 5010 5047 5084 5121 5159 5196 5233 5270 5307 5344 5382 5420 5457 5493 5531 5567 5606 5642 5679 5717 5754 5793 5828 5867 5903 5940 5979 6015 6055 6091 6133 6170 
1375 1331 1284 1277 1247 1206 1176 1119 1090 1040 989 947 925 873 831 792 789 754 688 634 605 576 530 494 467 409 376 335 310 264 223 186 149 145 122 76 -1 85 99 152 206 248 265 285 326 369 426 449 472 525 533 577 616 652 687 724 769 812 850 882 931 982 1027 1060 1092 1128 1198 1254 1205 1243 1280 1328 1359 1491 1526 1784 1707 1695 1669 1675 1699 1726 1799 1804 1837 1880 1896 1917 1969 2010 2039 2062 2098 2138 2160 2202 2240 2274 2310 2345 2380 2420 2454 2491 2529 2564 2601 2639 2676 2714 2751 2787 2825 2862 2898 2936 2971 3007 3044 3081 3120 3156 3192 3230 3266 3303 3340 3377 3415 3452 3489 3526 3563 3600 3637 3674 3712 3749 3786 3823 3860 3898 3935 3972 4009 4053 4084 4123 4160 4199 4235 4277 4314 4352 4390 4420 4459 4493 4530 4568 4604 4642 4677 4714 4751 4789 4825 4862 4900 4936 4973 5010 5047 5084 5122 5159 5196 5233 5270 5307 5344 5382 5419 5456 5493 5530 5567 5604 5641 5679 5716 5754 5790 5828 5865 5902 5941 5977 6016 6052 6093 6131 
1430 1385 1336 1336 1308 1266 1238 1177 1150 1098 1044 1000 983 928 885 845 852 818 745 681 660 635 586 551 529 455 431 385 373 299 268 240 198 150 114 76 85 -1 39 80 130 173 198 227 267 308 360 387 416 464 485 525 564 600 637 674 716 758 796 830 876 924 969 1002 1036 1072 1138 1192 1158 1196 1233 1278 1311 1429 1464 1711 1638 1630 1609 1618 1644 1673 1742 1750 1785 1827 1846 1870 1919 1960 1991 2016 2052 2092 2118 2158 2196 2232 2268 2304 2340 2378 2414 2451 2488 2524 2562 2599 2636 2674 2711 2747 2785 2822 2859 2896 2932 2969 3006 3043 3081 3118 3155 3192 3229 3266 3305 3341 3378 3415 3452 3489 3526 3563 3600 3638 3677 3713 3750 3787 3824 3863 3899 3937 3973 4020 4050 4089 4126 4165 4202 4245 4282 4319 4358 4381 4419 4455 4492 4529 4565 4603 4639 4676 4713 4751 4788 4825 4862 4899 4936 4973 5010 5047 5085 5122 5159 5196 5233 5270 5308 5346 5383 5419 5456 5493 5532 5568 5605 5643 5680 5719 5754 5793 5829 5866 5905 5941 5982 6017 6059 6097 
1463 1418 1370 1367 1339 1297 1268 1209 1181 1130 1076 1033 1015 961 918 879 881 847 777 715 692 667 618 582 559 490 463 419 402 335 302 271 231 188 152 112 99 39 -1 54 108 150 168 193 233 276 330 355 382 432 449 490 529 565 601 639 682 724 762 795 842 891 936 969 1003 1039 1106 1161 1122 1161 1197 1243 1276 1398 1433 1686 1610 1600 1578 1585 1610 1639 1709 1716 1750 1793 1811 1835 1884 1925 1955 1981 2016 2056 2082 2122 2160 2195 2231 2267 2303 2342 2377 2414 2452 2488 2525 2562 2600 2637 2674 2710 2748 2785 2822 2859 2895 2932 2969 3006 3044 3081 3118 3155 3192 3229 3268 3304 3340 3378 3415 3452 3489 3526 3563 3601 3640 3676 3713 3750 3786 3825 3862 3899 3936 3982 4012 4051 4089 4127 4164 4207 4244 4282 4320 4344 4382 4418 4455 4492 4529 4566 4602 4639 4676 4714 4751 4787 4825 4862 4899 4936 4973 5010 5048 5085 5122 5159 5196 5233 5270 5308 5346 5382 5419 5456 5494 5531 5567 5606 5643 5682 5717 5755 5791 5829 5868 5904 5944 5980 6022 6059 
1509 1464 1415 1415 1387 1345 1317 1256 1229 1177 1122 1079 1062 1007 963 924 930 896 824 759 739 714 665 630 608 534 510 464 452 376 347 319 277 223 186 154 152 80 54 -1 55 97 119 149 189 230 281 309 338 385 409 448 487 523 560 597 639 680 718 752 797 845 890 923 957 994 1059 1113 1081 1119 1156 1201 1234 1350 1385 1634 1560 1551 1530 1540 1565 1595 1663 1672 1706 1749 1768 1794 1842 1883 1913 1940 1976 2015 2043 2083 2120 2156 2192 2228 2265 2303 2339 2376 2413 2450 2487 2524 2562 2599 2636 2673 2710 2747 2784 2821 2858 2895 2932 2969 3006 3043 3081 3118 3155 3193 3232 3268 3304 3341 3378 3416 3452 3489 3526 3565 3604 3640 3677 3714 3750 3789 3826 3863 3900 3948 3977 4016 4053 4092 4129 4173 4210 4247 4286 4306 4344 4380 4417 4454 4491 4528 4565 4602 4639 4676 4713 4750 4787 4825 4862 4899 4936 4973 5012 5048 5085 5122 5159 5196 5234 5272 5310 5346 5383 5419 5458 5494 5531 5570 5607 5646 5681 5719 5755 5792 5832 5868 5908 5944 5986 6024 
1556 1511 1461 1463 1436 1394 1366 1305 1278 1226 1170 1126 1111 1055 1010 971 981 947 873 804 787 764 713 678 659 580 559 512 503 420 395 368 327 265 228 202 206 130 108 55 -1 43 75 115 149 187 233 264 298 340 373 409 446 483 520 558 597 637 675 710 754 800 844 878 912 949 1011 1064 1041 1079 1116 1159 1193 1301 1337 1581 1509 1501 1483 1494 1521 1551 1617 1628 1663 1705 1726 1753 1799 1840 1871 1899 1936 1975 2005 2044 2081 2117 2154 2190 2227 2265 2301 2338 2376 2413 2450 2487 2524 2561 2598 2635 2672 2709 2746 2784 2821 2859 2895 2933 2969 3007 3045 3081 3119 3157 3196 3232 3267 3305 3342 3380 3415 3453 3490 3529 3569 3604 3641 3678 3714 3754 3791 3828 3864 3914 3942 3981 4019 4058 4095 4139 4176 4213 4252 4268 4306 4342 4379 4417 4454 4491 4528 4565 4602 4639 4676 4713 4750 4788 4826 4862 4900 4937 4975 5012 5049 5085 5123 5160 5197 5236 5274 5309 5346 5382 5422 5458 5494 5534 5571 5610 5645 5683 5719 5756 5796 5832 5873 5908 5951 5988 
