NAME : gr96_Li
TYPE : BWTSP
DIMENSION : 96
EDGE_WEIGHT_TYPE : EXPLICIT
EDGE_WEIGHT_FORMAT : FULL_MATRIX
EDGE_WEIGHT_SECTION
-1 431 641 610 692 670 687 809 813 868 477 858 918 868 845 803 810 842 873 863 793 794 817 862 894 929 1007 1013 1041 1077 1117 1157 1189 1229 1279 1319 1363 1421 1465 1483 1531 1569 1596 1602 1635 1679 1711 1752 1815 1851 1943 1939 1973 2013 2083 2139 2176 2200 2278 2259 2310 2343 2371 2397 2434 2489 2546 2601 2658 2739 2759 2811 2868 2960 2980 2985 3075 3207 3095 3442 3259 3275 3370 3378 3426 3452 3527 3593 3709 3723 3753 3618 3612 3566 3679 3586 
431 -1 212 187 271 262 289 405 419 477 359 495 554 533 538 541 570 608 645 672 721 792 888 982 987 1000 1171 1122 1068 1134 1193 1240 1208 1300 1378 1421 1472 1551 1601 1595 1652 1689 1703 1656 1674 1739 1756 1805 1905 1939 2074 2038 2066 2107 2202 2267 2301 2316 2414 2363 2421 2450 2471 2488 2524 2588 2657 2719 2784 2880 2892 2948 3011 3118 3132 3126 3230 3382 3230 3644 3417 3426 3533 3534 3583 3605 3687 3757 3888 3896 3923 3749 3730 3655 3793 3646 
641 212 -1 53 84 112 149 227 254 308 450 355 407 417 447 486 527 563 599 646 758 855 976 1084 1077 1080 1281 1212 1124 1201 1264 1312 1253 1366 1454 1497 1549 1635 1686 1670 1730 1765 1774 1702 1713 1786 1795 1847 1964 1996 2149 2098 2124 2165 2269 2338 2371 2381 2487 2421 2482 2508 2527 2539 2573 2642 2715 2780 2848 2951 2958 3017 3082 3195 3206 3194 3304 3466 3296 3740 3493 3498 3611 3607 3657 3677 3762 3834 3971 3976 4002 3810 3785 3695 3845 3672 
610 187 53 -1 85 87 123 224 244 301 398 336 392 391 414 446 485 522 558 603 708 803 923 1031 1025 1028 1228 1160 1073 1149 1213 1261 1204 1314 1402 1445 1497 1583 1634 1618 1678 1713 1723 1653 1664 1737 1746 1798 1914 1946 2098 2048 2073 2114 2218 2287 2320 2330 2436 2370 2432 2458 2477 2489 2524 2592 2665 2730 2797 2900 2908 2966 3031 3144 3155 3143 3253 3415 3245 3688 3442 3447 3560 3556 3606 3626 3711 3783 3919 3925 3950 3760 3735 3647 3795 3625 
692 271 84 85 -1 49 79 144 170 225 438 272 324 338 372 420 463 497 532 585 714 819 947 1060 1049 1048 1259 1182 1082 1162 1227 1276 1207 1326 1417 1460 1512 1601 1652 1632 1693 1727 1734 1654 1662 1738 1745 1797 1920 1951 2110 2054 2078 2119 2227 2297 2329 2337 2447 2375 2437 2463 2480 2490 2524 2595 2668 2735 2804 2908 2915 2974 3039 3155 3164 3151 3263 3429 3252 3706 3452 3456 3571 3566 3615 3634 3721 3794 3932 3937 3962 3763 3736 3642 3795 3615 
670 262 112 87 49 -1 38 144 159 217 392 249 305 307 335 377 419 454 490 540 666 770 899 1012 1001 999 1211 1134 1034 1113 1179 1227 1159 1277 1368 1411 1464 1553 1603 1584 1644 1679 1686 1607 1615 1691 1697 1750 1872 1903 2061 2006 2030 2071 2179 2248 2281 2289 2398 2327 2389 2415 2432 2443 2477 2547 2621 2687 2755 2860 2867 2925 2991 3106 3116 3103 3215 3380 3204 3658 3403 3408 3522 3517 3567 3586 3673 3745 3884 3888 3913 3716 3689 3595 3748 3569 
687 289 149 123 79 38 -1 123 131 189 381 214 271 270 298 342 384 419 454 506 638 746 877 992 979 976 1192 1111 1007 1087 1153 1201 1130 1250 1343 1385 1438 1528 1578 1557 1618 1653 1659 1577 1584 1661 1667 1720 1843 1874 2034 1977 2001 2042 2150 2221 2253 2261 2371 2298 2360 2385 2402 2413 2447 2517 2591 2658 2727 2832 2838 2897 2963 3079 3088 3074 3187 3353 3175 3633 3376 3379 3495 3489 3539 3558 3645 3717 3857 3861 3886 3686 3659 3564 3717 3536 
809 405 227 224 144 144 123 -1 39 83 480 149 190 228 279 351 397 425 457 520 685 803 943 1063 1044 1035 1263 1173 1051 1136 1203 1251 1165 1295 1392 1434 1487 1580 1630 1604 1665 1698 1701 1606 1608 1689 1690 1744 1876 1906 2076 2010 2032 2073 2187 2259 2290 2295 2409 2327 2391 2415 2430 2437 2470 2543 2619 2688 2758 2867 2871 2930 2997 3117 3124 3107 3223 3395 3205 3680 3412 3413 3532 3524 3574 3591 3680 3754 3896 3899 3923 3712 3681 3578 3738 3542 
813 419 254 244 170 159 131 39 -1 58 464 112 156 189 241 315 361 389 419 484 653 772 914 1035 1014 1004 1235 1142 1017 1103 1170 1218 1129 1261 1359 1400 1453 1547 1597 1570 1632 1664 1666 1569 1571 1653 1653 1708 1841 1870 2041 1974 1997 2037 2151 2223 2254 2259 2374 2291 2355 2379 2393 2401 2434 2507 2583 2651 2722 2831 2835 2895 2962 3082 3089 3072 3188 3360 3169 3646 3376 3378 3496 3488 3538 3555 3644 3718 3861 3863 3887 3676 3644 3540 3701 3505 
868 477 308 301 225 217 189 83 58 -1 504 88 112 169 230 315 361 384 411 480 662 785 931 1053 1029 1017 1253 1155 1022 1109 1177 1225 1129 1265 1364 1405 1459 1554 1604 1573 1635 1668 1668 1564 1564 1647 1645 1700 1837 1866 2042 1971 1992 2032 2149 2222 2252 2255 2372 2286 2350 2373 2386 2392 2425 2499 2576 2645 2717 2828 2830 2890 2957 3079 3085 3067 3184 3359 3163 3648 3372 3373 3493 3484 3533 3550 3640 3714 3859 3860 3884 3667 3634 3526 3690 3487 
477 359 450 398 438 392 381 480 464 504 -1 457 509 437 396 336 336 367 397 389 372 434 535 637 636 645 832 771 710 776 836 883 851 943 1023 1066 1117 1198 1248 1239 1297 1334 1347 1298 1317 1381 1398 1447 1548 1581 1719 1680 1708 1749 1845 1911 1945 1959 2059 2005 2064 2092 2113 2130 2166 2230 2299 2362 2427 2524 2535 2592 2656 2764 2777 2770 2875 3031 2874 3299 3063 3071 3180 3179 3228 3250 3333 3404 3537 3544 3570 3392 3373 3297 3434 3289 
858 495 355 336 272 249 214 149 112 88 457 -1 61 82 143 230 276 297 324 393 581 706 854 977 951 936 1176 1075 937 1025 1094 1141 1042 1180 1280 1321 1374 1469 1520 1488 1550 1582 1582 1477 1476 1560 1558 1613 1750 1779 1955 1883 1905 1945 2062 2135 2165 2168 2286 2198 2263 2286 2299 2305 2337 2411 2489 2558 2629 2740 2743 2803 2870 2992 2998 2979 3097 3272 3076 3562 3285 3286 3406 3397 3446 3463 3553 3627 3772 3773 3796 3580 3547 3439 3603 3400 
918 554 407 392 324 305 271 190 156 112 509 61 -1 90 156 250 292 307 328 401 601 729 880 1004 975 957 1202 1095 949 1039 1108 1155 1048 1190 1292 1332 1385 1482 1532 1497 1559 1591 1588 1476 1473 1559 1554 1609 1751 1779 1960 1884 1904 1944 2063 2137 2167 2169 2288 2196 2261 2283 2295 2300 2332 2407 2485 2555 2627 2740 2741 2801 2870 2993 2998 2978 3097 3275 3073 3568 3285 3284 3406 3396 3445 3461 3551 3626 3773 3773 3796 3574 3539 3428 3594 3385 
868 533 417 391 338 307 270 228 189 169 437 82 90 -1 67 161 204 221 245 316 512 640 790 914 885 868 1112 1007 863 952 1021 1068 965 1104 1206 1246 1299 1396 1446 1412 1475 1506 1505 1397 1396 1480 1478 1533 1671 1700 1878 1804 1825 1865 1983 2056 2086 2089 2207 2118 2183 2206 2219 2224 2257 2331 2409 2478 2549 2661 2663 2723 2791 2913 2919 2900 3018 3194 2996 3485 3206 3206 3327 3317 3367 3383 3473 3548 3693 3694 3717 3499 3466 3358 3522 3319 
845 538 447 414 372 335 298 279 241 230 396 143 156 67 -1 95 137 155 181 251 446 574 724 849 819 801 1046 940 797 885 954 1001 900 1038 1140 1180 1233 1329 1379 1347 1409 1441 1440 1335 1335 1418 1416 1471 1608 1637 1813 1741 1762 1803 1919 1992 2023 2026 2143 2056 2121 2144 2157 2163 2196 2270 2347 2416 2487 2598 2600 2660 2728 2850 2856 2837 2955 3130 2934 3420 3143 3143 3263 3254 3304 3321 3410 3485 3629 3631 3654 3438 3406 3300 3462 3264 
803 541 486 446 420 377 342 351 315 315 336 230 250 161 95 -1 47 77 113 170 352 480 630 754 725 708 952 847 707 795 864 911 815 950 1050 1091 1144 1240 1290 1259 1321 1353 1354 1255 1257 1338 1339 1393 1526 1556 1728 1660 1682 1722 1837 1909 1940 1945 2060 1977 2041 2064 2079 2087 2120 2192 2269 2337 2407 2517 2520 2580 2647 2767 2774 2757 2873 3046 2855 3334 3062 3063 3182 3174 3223 3241 3329 3403 3547 3549 3573 3362 3331 3230 3388 3198 
810 570 527 485 463 419 384 397 361 361 336 276 292 204 137 47 -1 38 76 124 310 438 590 714 683 665 911 804 662 750 819 866 769 904 1005 1046 1099 1194 1244 1213 1275 1307 1307 1209 1211 1292 1293 1347 1480 1509 1682 1613 1636 1676 1791 1863 1894 1898 2014 1930 1994 2018 2033 2041 2074 2146 2222 2291 2361 2470 2474 2534 2601 2721 2728 2711 2827 3000 2808 3288 3015 3017 3135 3127 3177 3195 3283 3357 3500 3503 3526 3316 3285 3185 3342 3154 
842 608 563 522 497 454 419 425 389 384 367 297 307 221 155 77 38 -1 38 96 300 431 583 709 675 653 903 792 643 732 801 848 746 884 986 1026 1079 1176 1226 1192 1255 1286 1285 1182 1183 1265 1265 1320 1454 1483 1659 1588 1609 1650 1766 1839 1869 1873 1989 1904 1968 1991 2005 2013 2046 2118 2195 2264 2335 2445 2448 2507 2575 2696 2703 2684 2801 2976 2782 3266 2990 2991 3110 3102 3151 3168 3257 3332 3476 3477 3501 3288 3256 3154 3313 3122 
873 645 599 558 532 490 454 457 419 411 397 324 328 245 181 113 76 38 -1 75 292 423 576 701 665 641 893 778 623 713 782 829 721 862 965 1005 1058 1155 1205 1170 1232 1263 1261 1154 1154 1237 1236 1290 1427 1456 1634 1560 1582 1622 1739 1812 1842 1845 1963 1875 1940 1963 1976 1983 2016 2089 2166 2235 2306 2417 2420 2480 2547 2669 2675 2656 2774 2950 2753 3241 2962 2963 3083 3074 3123 3140 3229 3304 3449 3450 3473 3258 3226 3122 3282 3088 
863 672 646 603 585 540 506 520 484 480 389 393 401 316 251 170 124 96 75 -1 221 351 504 629 591 566 820 704 549 639 708 755 650 789 892 932 985 1082 1131 1097 1159 1191 1189 1086 1088 1170 1170 1224 1358 1388 1563 1492 1514 1554 1670 1743 1773 1777 1893 1808 1872 1896 1910 1918 1951 2023 2100 2168 2239 2349 2352 2412 2479 2600 2607 2589 2706 2880 2686 3170 2894 2895 3014 3006 3055 3073 3161 3236 3380 3381 3405 3193 3162 3061 3219 3031 
793 721 758 708 714 666 638 685 653 662 372 581 601 512 446 352 310 300 292 221 -1 131 285 410 375 356 603 495 369 451 518 567 496 613 707 750 803 895 945 921 982 1016 1021 946 959 1030 1041 1092 1207 1239 1397 1341 1366 1407 1513 1583 1615 1624 1733 1663 1725 1751 1769 1782 1817 1885 1957 2023 2091 2195 2202 2260 2326 2441 2451 2438 2550 2716 2539 2997 2738 2742 2857 2852 2902 2921 3007 3080 3219 3223 3248 3052 3028 2942 3088 2927 
794 792 855 803 819 770 746 803 772 785 434 706 729 640 574 480 438 431 423 351 131 -1 154 279 246 232 474 371 277 347 410 458 419 512 599 642 695 783 833 816 875 911 920 864 884 947 965 1013 1116 1149 1295 1249 1276 1317 1417 1484 1518 1530 1633 1573 1633 1661 1681 1697 1732 1798 1867 1931 1997 2097 2107 2164 2229 2341 2352 2342 2450 2612 2445 2888 2639 2645 2757 2754 2803 2824 2908 2980 3116 3122 3148 2961 2941 2863 3002 2857 
817 888 976 923 947 899 877 943 914 931 535 854 880 790 724 630 590 583 576 504 285 154 -1 126 102 116 323 237 230 262 310 355 376 422 491 534 584 664 714 707 764 801 817 791 821 872 899 942 1024 1059 1187 1155 1185 1226 1315 1380 1414 1430 1526 1480 1536 1566 1590 1610 1646 1707 1773 1834 1897 1992 2004 2061 2123 2230 2244 2238 2342 2497 2343 2766 2530 2538 2646 2646 2695 2717 2800 2870 3002 3010 3036 2863 2847 2780 2910 2785 
862 982 1084 1031 1060 1012 992 1063 1035 1053 637 977 1004 914 849 754 714 709 701 629 410 279 126 -1 62 117 201 151 255 241 262 297 377 372 418 459 505 574 622 627 680 717 740 743 781 819 854 892 955 991 1101 1082 1114 1155 1235 1296 1331 1351 1440 1405 1459 1490 1517 1540 1577 1634 1696 1754 1815 1905 1920 1975 2036 2139 2155 2152 2252 2401 2259 2664 2439 2449 2554 2556 2605 2628 2709 2778 2907 2915 2943 2780 2768 2711 2832 2725 
894 987 1077 1025 1049 1001 979 1044 1014 1029 636 951 975 885 819 725 683 675 665 591 375 246 102 62 -1 55 229 136 194 190 224 265 322 336 396 439 487 564 614 611 666 703 721 709 743 787 818 859 932 968 1088 1061 1092 1133 1219 1282 1317 1334 1428 1386 1441 1472 1496 1518 1554 1614 1678 1738 1801 1894 1907 1963 2025 2131 2145 2140 2243 2396 2246 2664 2431 2440 2547 2547 2596 2618 2700 2771 2902 2910 2936 2766 2751 2689 2815 2698 
929 1000 1080 1028 1048 999 976 1035 1004 1017 645 936 957 868 801 708 665 653 641 566 356 232 116 117 55 -1 260 139 140 149 195 241 274 307 379 422 473 556 606 595 653 689 704 677 708 757 785 828 910 944 1075 1040 1070 1111 1202 1267 1302 1317 1415 1365 1422 1452 1475 1495 1531 1593 1659 1720 1784 1880 1892 1948 2011 2120 2133 2126 2231 2388 2230 2660 2419 2427 2536 2535 2584 2606 2689 2760 2893 2900 2926 2750 2733 2665 2796 2670 
1007 1171 1281 1228 1259 1211 1192 1263 1235 1253 832 1176 1202 1112 1046 952 911 903 893 820 603 474 323 201 229 260 -1 145 349 280 248 250 407 317 308 339 372 416 459 484 527 565 597 649 698 714 761 789 819 856 937 938 973 1012 1077 1133 1169 1193 1272 1254 1304 1337 1367 1395 1432 1484 1540 1595 1652 1736 1754 1807 1866 1963 1981 1983 2077 2219 2091 2475 2263 2276 2376 2381 2430 2454 2532 2600 2725 2735 2763 2614 2606 2562 2673 2588 
1013 1122 1212 1160 1182 1134 1111 1173 1142 1155 771 1075 1095 1007 940 847 804 792 778 704 495 371 237 151 136 139 145 -1 205 139 126 151 274 227 267 308 355 429 479 478 532 570 590 594 635 669 706 743 804 840 954 932 964 1004 1087 1149 1184 1202 1294 1255 1310 1341 1367 1389 1426 1484 1547 1606 1668 1760 1774 1829 1891 1996 2011 2006 2108 2261 2112 2529 2296 2305 2412 2413 2461 2484 2566 2636 2767 2774 2801 2633 2620 2560 2684 2574 
1041 1068 1124 1073 1082 1034 1007 1051 1017 1022 710 937 949 863 797 707 662 643 623 549 369 277 230 255 194 140 349 205 -1 92 161 207 149 245 343 384 437 533 583 553 615 648 652 588 610 671 690 738 842 874 1028 975 1002 1043 1146 1215 1247 1257 1365 1299 1359 1386 1406 1421 1457 1523 1593 1657 1725 1827 1835 1893 1958 2073 2083 2071 2181 2347 2172 2630 2370 2375 2489 2484 2534 2553 2639 2712 2850 2855 2880 2688 2666 2587 2727 2582 
1077 1134 1201 1149 1162 1113 1087 1136 1103 1109 776 1025 1039 952 885 795 750 732 713 639 451 347 262 241 190 149 280 139 92 -1 70 117 140 167 257 299 352 445 496 471 531 566 574 531 560 612 638 681 772 806 949 904 932 974 1071 1138 1172 1184 1287 1229 1288 1316 1338 1355 1391 1455 1523 1586 1652 1751 1761 1818 1883 1995 2006 1996 2104 2267 2099 2547 2293 2299 2411 2408 2457 2478 2562 2634 2771 2776 2802 2616 2597 2524 2659 2526 
1117 1193 1264 1213 1227 1179 1153 1203 1170 1177 836 1094 1108 1021 954 864 819 801 782 708 518 410 310 262 224 195 248 126 161 70 -1 49 161 113 190 233 286 377 428 406 466 501 512 485 520 564 595 636 715 750 886 847 876 917 1010 1077 1110 1124 1225 1171 1229 1258 1281 1301 1337 1399 1465 1527 1592 1690 1700 1757 1821 1932 1944 1935 2042 2203 2039 2480 2230 2237 2348 2346 2395 2416 2500 2571 2707 2713 2739 2557 2539 2471 2602 2476 
1157 1240 1312 1261 1276 1227 1201 1251 1218 1225 883 1141 1155 1068 1001 911 866 848 829 755 567 458 355 297 265 241 250 151 207 117 49 -1 178 76 142 185 237 329 380 358 418 453 465 446 484 523 557 596 670 705 838 800 831 871 963 1029 1063 1077 1177 1125 1183 1212 1235 1255 1292 1353 1419 1480 1545 1642 1653 1710 1773 1884 1896 1887 1994 2154 1991 2432 2182 2189 2300 2298 2347 2368 2452 2523 2659 2665 2690 2510 2493 2426 2556 2434 
1189 1208 1253 1204 1207 1159 1130 1165 1129 1129 851 1042 1048 965 900 815 769 746 721 650 496 419 376 377 322 274 407 274 149 140 161 178 -1 163 271 303 353 454 501 454 517 546 541 450 466 534 548 597 713 744 914 847 872 913 1023 1095 1126 1132 1245 1168 1231 1256 1274 1286 1321 1389 1462 1528 1597 1704 1709 1768 1834 1953 1961 1945 2060 2231 2045 2521 2248 2251 2368 2361 2410 2429 2516 2590 2732 2735 2759 2557 2532 2448 2592 2438 
1229 1300 1366 1314 1326 1277 1250 1295 1261 1265 943 1180 1190 1104 1038 950 904 884 862 789 613 512 422 372 336 307 317 227 245 167 113 76 163 -1 109 145 197 296 345 309 371 404 409 373 409 451 483 523 606 640 785 738 767 808 905 973 1006 1018 1122 1063 1121 1150 1172 1190 1226 1289 1357 1420 1485 1586 1595 1652 1717 1830 1841 1830 1939 2104 1933 2386 2128 2133 2246 2242 2292 2312 2397 2469 2607 2612 2637 2450 2431 2360 2493 2364 
1279 1378 1454 1402 1417 1368 1343 1392 1359 1364 1023 1280 1292 1206 1140 1050 1005 986 965 892 707 599 491 418 396 379 308 267 343 257 190 142 271 109 -1 44 96 191 240 217 276 312 326 342 391 410 454 485 538 574 697 666 697 738 825 889 924 939 1037 990 1046 1076 1101 1123 1160 1219 1283 1343 1406 1502 1514 1570 1633 1743 1755 1748 1853 2013 1852 2291 2042 2049 2159 2157 2207 2228 2311 2383 2518 2524 2549 2372 2356 2294 2420 2308 
1319 1421 1497 1445 1460 1411 1385 1434 1400 1405 1066 1321 1332 1246 1180 1091 1046 1026 1005 932 750 642 534 459 439 422 339 308 384 299 233 185 303 145 44 -1 54 152 201 174 234 269 283 311 364 375 423 450 496 533 654 624 656 696 782 846 881 897 994 948 1003 1034 1059 1081 1118 1177 1240 1300 1364 1459 1471 1527 1590 1700 1712 1705 1810 1970 1809 2248 1999 2006 2116 2114 2164 2185 2268 2340 2475 2481 2506 2329 2314 2252 2377 2267 
1363 1472 1549 1497 1512 1464 1438 1487 1453 1459 1117 1374 1385 1299 1233 1144 1099 1079 1058 985 803 695 584 505 487 473 372 355 437 352 286 237 353 197 96 54 -1 102 149 124 181 217 235 291 349 346 399 421 452 489 603 578 610 651 732 796 830 847 943 900 955 986 1012 1036 1073 1130 1192 1251 1314 1408 1420 1477 1540 1648 1661 1654 1759 1918 1759 2195 1947 1955 2064 2063 2112 2134 2217 2288 2422 2429 2455 2279 2265 2206 2329 2224 
1421 1551 1635 1583 1601 1553 1528 1580 1547 1554 1198 1469 1482 1396 1329 1240 1194 1176 1155 1082 895 783 664 574 564 556 416 429 533 445 377 329 454 296 191 152 102 -1 51 86 112 150 187 316 379 350 411 420 409 446 527 523 559 598 664 723 758 780 866 839 890 923 952 980 1017 1069 1127 1183 1243 1332 1347 1402 1463 1567 1582 1579 1679 1833 1685 2106 1867 1877 1983 1984 2033 2055 2137 2207 2339 2346 2373 2207 2196 2147 2261 2174 
1465 1601 1686 1634 1652 1603 1578 1630 1597 1604 1248 1520 1532 1446 1379 1290 1244 1226 1205 1131 945 833 714 622 614 606 459 479 583 496 428 380 501 345 240 201 149 51 -1 85 79 113 158 318 382 339 404 406 375 412 480 484 520 558 618 676 712 735 818 796 845 878 909 938 975 1025 1082 1137 1196 1284 1299 1354 1414 1518 1533 1530 1630 1783 1637 2055 1818 1828 1933 1935 1984 2006 2088 2157 2289 2296 2323 2159 2149 2103 2215 2132 
1483 1595 1670 1618 1632 1584 1557 1604 1570 1573 1239 1488 1497 1412 1347 1259 1213 1192 1170 1097 921 816 707 627 611 595 484 478 553 471 406 358 454 309 217 174 124 86 85 -1 63 96 114 235 299 265 327 335 335 372 480 457 491 531 609 673 707 725 820 778 832 864 890 915 952 1008 1069 1128 1191 1285 1297 1354 1417 1526 1538 1531 1636 1797 1636 2077 1825 1832 1942 1941 1990 2011 2095 2166 2301 2307 2333 2156 2142 2085 2206 2106 
1531 1652 1730 1678 1693 1644 1618 1665 1632 1635 1297 1550 1559 1475 1409 1321 1275 1255 1232 1159 982 875 764 680 666 653 527 532 615 531 466 418 517 371 276 234 181 112 79 63 -1 39 80 258 321 268 334 331 298 335 423 412 447 486 556 617 652 672 763 729 781 813 841 869 906 959 1018 1075 1136 1229 1242 1298 1360 1468 1481 1475 1578 1737 1580 2016 1767 1775 1884 1883 1932 1954 2036 2107 2242 2248 2274 2101 2089 2036 2154 2062 
1569 1689 1765 1713 1727 1679 1653 1698 1664 1668 1334 1582 1591 1506 1441 1353 1307 1286 1263 1191 1016 911 801 717 703 689 565 570 648 566 501 453 546 404 312 269 217 150 113 96 39 -1 53 253 314 250 317 309 262 299 386 374 410 448 518 580 615 634 726 691 743 775 803 831 868 921 980 1037 1099 1192 1205 1260 1323 1431 1444 1438 1542 1702 1543 1982 1730 1738 1847 1846 1895 1917 2000 2071 2206 2212 2238 2064 2051 1998 2116 2024 
1596 1703 1774 1723 1734 1686 1659 1701 1666 1668 1347 1582 1588 1505 1440 1354 1307 1285 1261 1189 1021 920 817 740 721 704 597 590 652 574 512 465 541 409 326 283 235 187 158 114 80 53 -1 207 266 198 265 256 223 260 376 344 377 417 499 565 599 614 714 666 721 751 777 802 839 895 957 1017 1081 1178 1189 1246 1309 1422 1432 1423 1531 1696 1527 1981 1719 1725 1838 1834 1884 1904 1989 2061 2199 2203 2229 2046 2031 1972 2094 1993 
1602 1656 1702 1653 1654 1607 1577 1606 1569 1564 1298 1477 1476 1397 1335 1255 1209 1182 1154 1086 946 864 791 743 709 677 649 594 588 531 485 446 450 373 342 311 291 316 318 235 258 253 207 -1 64 85 113 151 277 303 505 409 428 468 590 666 693 693 816 722 786 810 826 837 872 941 1015 1083 1153 1264 1266 1326 1394 1518 1522 1503 1621 1801 1600 2102 1809 1809 1930 1920 1970 1987 2076 2151 2297 2297 2320 2109 2083 1999 2143 1996 
1635 1674 1713 1664 1662 1615 1584 1608 1571 1564 1317 1476 1473 1396 1335 1257 1211 1183 1154 1088 959 884 821 781 743 708 698 635 610 560 520 484 466 409 391 364 349 379 382 299 321 314 266 64 -1 99 83 137 297 317 533 422 436 474 604 681 707 701 830 724 789 811 823 830 863 936 1013 1082 1155 1270 1269 1330 1398 1525 1528 1505 1627 1811 1600 2116 1814 1812 1935 1923 1973 1989 2079 2155 2304 2303 2325 2105 2075 1984 2133 1973 
1679 1739 1786 1737 1738 1691 1661 1689 1653 1647 1381 1560 1559 1480 1418 1338 1292 1265 1237 1170 1030 947 872 819 787 757 714 669 671 612 564 523 534 451 410 375 346 350 339 265 268 250 198 85 99 -1 67 76 200 223 434 328 346 386 510 587 613 611 736 639 703 727 742 753 788 857 931 999 1070 1182 1183 1243 1311 1436 1440 1420 1539 1720 1517 2023 1727 1726 1848 1837 1887 1904 1993 2068 2215 2215 2238 2026 1999 1916 2059 1914 
1711 1756 1795 1746 1745 1697 1667 1690 1653 1645 1398 1558 1554 1478 1416 1339 1293 1265 1236 1170 1041 965 899 854 818 785 761 706 690 638 595 557 548 483 454 423 399 411 404 327 334 317 265 113 83 67 -1 57 234 248 471 349 360 397 531 609 633 625 756 644 710 730 742 748 781 854 932 1002 1075 1191 1189 1250 1319 1447 1449 1425 1547 1733 1519 2041 1734 1732 1856 1843 1893 1908 1999 2075 2225 2223 2245 2023 1993 1902 2051 1892 
1752 1805 1847 1798 1797 1750 1720 1744 1708 1700 1447 1613 1609 1533 1471 1393 1347 1320 1290 1224 1092 1013 942 892 859 828 789 743 738 681 636 596 597 523 485 450 421 420 406 335 331 309 256 151 137 76 57 -1 183 193 419 293 304 341 475 553 576 568 699 588 654 675 687 694 728 799 877 946 1019 1135 1133 1194 1263 1390 1393 1369 1491 1677 1464 1985 1678 1676 1800 1787 1837 1853 1943 2019 2169 2167 2189 1969 1940 1851 1998 1845 
1815 1905 1964 1914 1920 1872 1843 1876 1841 1837 1548 1750 1751 1671 1608 1526 1480 1454 1427 1358 1207 1116 1024 955 932 910 819 804 842 772 715 670 713 606 538 496 452 409 375 335 298 262 223 277 297 200 234 183 -1 38 238 135 161 202 313 389 417 419 539 458 518 545 567 586 623 684 752 816 884 991 996 1055 1122 1243 1249 1232 1348 1525 1332 1825 1536 1538 1656 1648 1698 1716 1804 1878 2022 2024 2047 1847 1826 1757 1888 1772 
1851 1939 1996 1946 1951 1903 1874 1906 1870 1866 1581 1779 1779 1700 1637 1556 1509 1483 1456 1388 1239 1149 1059 991 968 944 856 840 874 806 750 705 744 640 574 533 489 446 412 372 335 299 260 303 317 223 248 193 38 -1 229 106 128 169 288 365 391 390 514 425 487 513 533 551 587 650 719 784 853 962 965 1025 1092 1215 1220 1202 1319 1498 1301 1800 1507 1508 1627 1619 1668 1686 1774 1849 1994 1995 2018 1814 1792 1722 1854 1736 
1943 2074 2149 2098 2110 2061 2034 2076 2041 2042 1719 1955 1960 1878 1813 1728 1682 1659 1634 1563 1397 1295 1187 1101 1088 1075 937 954 1028 949 886 838 914 785 697 654 603 527 480 480 423 386 376 505 533 434 471 419 238 229 -1 156 180 183 149 197 233 262 340 335 374 410 446 485 521 559 607 659 716 806 820 875 937 1046 1058 1052 1157 1320 1158 1608 1345 1352 1462 1461 1510 1531 1615 1686 1823 1828 1853 1680 1670 1630 1736 1673 
1939 2038 2098 2048 2054 2006 1977 2010 1974 1971 1680 1883 1884 1804 1741 1660 1613 1588 1560 1492 1341 1249 1155 1082 1061 1040 938 932 975 904 847 800 847 738 666 624 578 523 484 457 412 374 344 409 422 328 349 293 135 106 156 -1 40 75 183 261 286 285 409 325 385 412 436 459 496 553 619 683 750 858 862 921 988 1110 1115 1098 1214 1393 1199 1696 1403 1404 1523 1515 1564 1582 1670 1744 1889 1890 1914 1713 1693 1629 1756 1651 
1973 2066 2124 2073 2078 2030 2001 2032 1997 1992 1708 1905 1904 1825 1762 1682 1636 1609 1582 1514 1366 1276 1185 1114 1092 1070 973 964 1002 932 876 831 872 767 697 656 610 559 520 491 447 410 377 428 436 346 360 304 161 128 180 40 -1 42 174 252 273 266 396 297 359 385 406 426 463 523 592 657 726 837 839 899 966 1091 1095 1075 1194 1375 1174 1681 1381 1382 1502 1493 1542 1559 1648 1723 1870 1870 1893 1687 1665 1597 1727 1616 
2013 2107 2165 2114 2119 2071 2042 2073 2037 2032 1749 1945 1944 1865 1803 1722 1676 1650 1622 1554 1407 1317 1226 1155 1133 1111 1012 1004 1043 974 917 871 913 808 738 696 651 598 558 531 486 448 417 468 474 386 397 341 202 169 183 75 42 -1 145 221 239 228 361 256 319 344 365 386 422 482 551 616 686 797 798 858 926 1052 1055 1035 1154 1337 1133 1645 1342 1341 1463 1453 1502 1519 1608 1683 1831 1830 1853 1646 1624 1557 1686 1577 
2083 2202 2269 2218 2227 2179 2150 2187 2151 2149 1845 2062 2063 1983 1919 1837 1791 1766 1739 1670 1513 1417 1315 1235 1219 1202 1077 1087 1146 1071 1010 963 1023 905 825 782 732 664 618 609 556 518 499 590 604 510 531 475 313 288 149 183 174 145 -1 79 104 117 226 186 228 263 297 336 373 411 464 520 582 682 690 748 813 931 939 926 1037 1212 1029 1513 1226 1230 1345 1339 1389 1408 1495 1568 1711 1713 1737 1548 1534 1486 1598 1525 
2139 2267 2338 2287 2297 2248 2221 2259 2223 2222 1911 2135 2137 2056 1992 1909 1863 1839 1812 1743 1583 1484 1380 1296 1282 1267 1133 1149 1215 1138 1077 1029 1095 973 889 846 796 723 676 673 617 580 565 666 681 587 609 553 389 365 197 261 252 221 79 -1 38 83 151 169 187 226 267 315 349 372 413 463 521 614 625 681 745 859 868 859 967 1138 964 1437 1156 1161 1274 1270 1319 1340 1425 1497 1638 1641 1666 1485 1474 1436 1540 1485 
2176 2301 2371 2320 2329 2281 2253 2290 2254 2252 1945 2165 2167 2086 2023 1940 1894 1869 1842 1773 1615 1518 1414 1331 1317 1302 1169 1184 1247 1172 1110 1063 1126 1006 924 881 830 758 712 707 652 615 599 693 707 613 633 576 417 391 233 286 273 239 104 38 -1 54 123 140 151 190 232 281 315 335 376 426 485 580 591 647 712 828 836 825 935 1109 929 1410 1123 1128 1243 1237 1287 1307 1392 1465 1607 1610 1634 1450 1438 1399 1504 1448 
2200 2316 2381 2330 2337 2289 2261 2295 2259 2255 1959 2168 2169 2089 2026 1945 1898 1873 1845 1777 1624 1530 1430 1351 1334 1317 1193 1202 1257 1184 1124 1077 1132 1018 939 897 847 780 735 725 672 634 614 693 701 611 625 568 419 390 262 285 266 228 117 83 54 -1 142 88 112 149 188 233 268 298 347 404 468 573 578 637 703 825 830 814 929 1110 916 1417 1118 1119 1238 1230 1279 1298 1385 1459 1605 1605 1629 1433 1418 1370 1482 1412 
2278 2414 2487 2436 2447 2398 2371 2409 2374 2372 2059 2286 2288 2207 2143 2060 2014 1989 1963 1893 1733 1633 1526 1440 1428 1415 1272 1294 1365 1287 1225 1177 1245 1122 1037 994 943 866 818 820 763 726 714 816 830 736 756 699 539 514 340 409 396 361 226 151 123 142 -1 186 145 175 220 276 300 288 300 335 383 466 482 536 597 709 719 713 818 987 820 1287 1006 1013 1124 1121 1170 1191 1276 1348 1487 1491 1516 1342 1336 1310 1403 1375 
2259 2363 2421 2370 2375 2327 2298 2327 2291 2286 2005 2198 2196 2118 2056 1977 1930 1904 1875 1808 1663 1573 1480 1405 1386 1365 1254 1255 1299 1229 1171 1125 1168 1063 990 948 900 839 796 778 729 691 666 722 724 639 644 588 458 425 335 325 297 256 186 169 140 88 186 -1 69 88 113 151 187 230 295 361 432 549 546 606 676 806 806 782 905 1095 878 1411 1091 1089 1213 1200 1250 1266 1356 1432 1582 1580 1602 1390 1368 1308 1431 1341 
2310 2421 2482 2432 2437 2389 2360 2391 2355 2350 2064 2263 2261 2183 2121 2041 1994 1968 1940 1872 1725 1633 1536 1459 1441 1422 1304 1310 1359 1288 1229 1183 1231 1121 1046 1003 955 890 845 832 781 743 721 786 789 703 710 654 518 487 374 385 359 319 228 187 151 112 145 69 -1 39 84 137 167 186 238 299 367 481 480 541 609 739 739 717 838 1027 815 1343 1025 1024 1146 1135 1184 1201 1291 1366 1515 1514 1536 1329 1311 1259 1374 1301 
2343 2450 2508 2458 2463 2415 2385 2415 2379 2373 2092 2286 2283 2206 2144 2064 2018 1991 1963 1896 1751 1661 1566 1490 1472 1452 1337 1341 1386 1316 1258 1212 1256 1150 1076 1034 986 923 878 864 813 775 751 810 811 727 730 675 545 513 410 412 385 344 263 226 190 149 175 88 39 -1 47 102 130 149 207 273 345 464 459 520 590 722 721 695 819 1012 791 1331 1005 1002 1127 1113 1163 1179 1269 1345 1497 1494 1515 1302 1281 1225 1344 1264 
2371 2471 2527 2477 2480 2432 2402 2430 2393 2386 2113 2299 2295 2219 2157 2079 2033 2005 1976 1910 1769 1681 1590 1517 1496 1475 1367 1367 1406 1338 1281 1235 1274 1172 1101 1059 1012 952 909 890 841 803 777 826 823 742 742 687 567 533 446 436 406 365 297 267 232 188 220 113 84 47 -1 56 84 118 191 262 337 463 453 515 585 722 717 686 814 1012 778 1336 999 993 1121 1105 1154 1168 1261 1337 1491 1487 1507 1284 1260 1196 1322 1229 
2397 2488 2539 2489 2490 2443 2413 2437 2401 2392 2130 2305 2300 2224 2163 2087 2041 2013 1983 1918 1782 1697 1610 1540 1518 1495 1395 1389 1421 1355 1301 1255 1286 1190 1123 1081 1036 980 938 915 869 831 802 837 830 753 748 694 586 551 485 459 426 386 336 315 281 233 276 151 137 102 56 -1 38 109 196 270 348 479 463 524 595 736 728 691 823 1027 778 1354 1005 996 1127 1108 1157 1169 1263 1341 1498 1491 1511 1275 1247 1172 1306 1195 
2434 2524 2573 2524 2524 2477 2447 2470 2434 2425 2166 2337 2332 2257 2196 2120 2074 2046 2016 1951 1817 1732 1646 1577 1554 1531 1432 1426 1457 1391 1337 1292 1321 1226 1160 1118 1073 1017 975 952 906 868 839 872 863 788 781 728 623 587 521 496 463 422 373 349 315 268 300 187 167 130 84 38 -1 85 174 249 326 460 439 501 572 714 704 665 799 1004 749 1333 978 968 1101 1080 1129 1140 1235 1313 1471 1464 1483 1243 1212 1135 1272 1158 
2489 2588 2642 2592 2595 2547 2517 2543 2507 2499 2230 2411 2407 2331 2270 2192 2146 2118 2089 2023 1885 1798 1707 1634 1614 1593 1484 1484 1523 1455 1399 1353 1389 1289 1219 1177 1130 1069 1025 1008 959 921 895 941 936 857 854 799 684 650 559 553 523 482 411 372 335 298 288 230 186 149 118 109 85 -1 89 164 242 375 355 417 488 630 620 583 715 920 670 1249 896 887 1019 999 1048 1061 1155 1232 1389 1383 1402 1170 1144 1078 1205 1115 
2546 2657 2715 2665 2668 2621 2591 2619 2583 2576 2299 2489 2485 2409 2347 2269 2222 2195 2166 2100 1957 1867 1773 1696 1678 1659 1540 1547 1593 1523 1465 1419 1462 1357 1283 1240 1192 1127 1082 1069 1018 980 957 1015 1013 931 932 877 752 719 607 619 592 551 464 413 376 347 300 295 238 207 191 196 174 89 -1 75 153 286 268 329 400 542 533 498 629 832 588 1160 811 804 933 916 965 978 1071 1148 1304 1298 1318 1096 1074 1024 1138 1077 
2601 2719 2780 2730 2735 2687 2658 2688 2651 2645 2362 2558 2555 2478 2416 2337 2291 2264 2235 2168 2023 1931 1834 1754 1738 1720 1595 1606 1657 1586 1527 1480 1528 1420 1343 1300 1251 1183 1137 1128 1075 1037 1017 1083 1082 999 1002 946 816 784 659 683 657 616 520 463 426 404 335 361 299 273 262 270 249 164 75 -1 78 212 193 255 326 467 458 425 554 757 519 1085 737 732 860 843 893 907 999 1076 1230 1225 1246 1031 1014 976 1079 1043 
2658 2784 2848 2797 2804 2755 2727 2758 2722 2717 2427 2629 2627 2549 2487 2407 2361 2335 2306 2239 2091 1997 1897 1815 1801 1784 1652 1668 1725 1652 1592 1545 1597 1485 1406 1364 1314 1243 1196 1191 1136 1099 1081 1153 1155 1070 1075 1019 884 853 716 750 726 686 582 521 485 468 383 432 367 345 337 348 326 242 153 78 -1 135 116 178 249 389 381 351 478 679 449 1008 662 658 784 769 819 835 925 1001 1154 1151 1171 966 954 932 1021 1013 
2739 2880 2951 2900 2908 2860 2832 2867 2831 2828 2524 2740 2740 2661 2598 2517 2470 2445 2417 2349 2195 2097 1992 1905 1894 1880 1736 1760 1827 1751 1690 1642 1704 1586 1502 1459 1408 1332 1284 1285 1229 1192 1178 1264 1270 1182 1191 1135 991 962 806 858 837 797 682 614 580 573 466 549 481 464 463 479 460 375 286 212 135 -1 56 75 132 259 259 247 357 550 356 875 545 548 666 658 707 727 813 887 1035 1034 1057 879 881 892 951 1003 
2759 2892 2958 2908 2915 2867 2838 2871 2835 2830 2535 2743 2741 2663 2600 2520 2474 2448 2420 2352 2202 2107 2004 1920 1907 1892 1754 1774 1835 1761 1700 1653 1709 1595 1514 1471 1420 1347 1299 1297 1242 1205 1189 1266 1269 1183 1189 1133 996 965 820 862 839 798 690 625 591 578 482 546 480 459 453 463 439 355 268 193 116 56 -1 62 133 276 266 237 362 565 339 896 547 544 669 655 704 721 811 887 1039 1035 1057 861 856 854 924 957 
2811 2948 3017 2966 2974 2925 2897 2930 2895 2890 2592 2803 2801 2723 2660 2580 2534 2507 2480 2412 2260 2164 2061 1975 1963 1948 1807 1829 1893 1818 1757 1710 1768 1652 1570 1527 1477 1402 1354 1354 1298 1260 1246 1326 1330 1243 1250 1194 1055 1025 875 921 899 858 748 681 647 637 536 606 541 520 515 524 501 417 329 255 178 75 62 -1 72 217 204 178 300 505 284 836 485 484 607 595 644 662 751 826 977 974 996 807 807 819 877 934 
2868 3011 3082 3031 3039 2991 2963 2997 2962 2957 2656 2870 2870 2791 2728 2647 2601 2575 2547 2479 2326 2229 2123 2036 2025 2011 1866 1891 1958 1883 1821 1773 1834 1717 1633 1590 1540 1463 1414 1417 1360 1323 1309 1394 1398 1311 1319 1263 1122 1092 937 988 966 926 813 745 712 703 597 676 609 590 585 595 572 488 400 326 249 132 133 72 -1 147 133 118 230 434 230 766 416 417 538 527 577 596 683 757 907 905 927 751 757 788 829 919 
2960 3118 3195 3144 3155 3106 3079 3117 3082 3079 2764 2992 2993 2913 2850 2767 2721 2696 2669 2600 2441 2341 2230 2139 2131 2120 1963 1996 2073 1995 1932 1884 1953 1830 1743 1700 1648 1567 1518 1526 1468 1431 1422 1518 1525 1436 1447 1390 1243 1215 1046 1110 1091 1052 931 859 828 825 709 806 739 722 722 736 714 630 542 467 389 259 276 217 147 -1 49 128 117 291 205 620 301 317 417 419 467 492 570 640 780 783 807 679 706 784 780 945 
2980 3132 3206 3155 3164 3116 3088 3124 3089 3085 2777 2998 2998 2919 2856 2774 2728 2703 2675 2607 2451 2352 2244 2155 2145 2133 1981 2011 2083 2006 1944 1896 1961 1841 1755 1712 1661 1582 1533 1538 1481 1444 1432 1522 1528 1440 1449 1393 1249 1220 1058 1115 1095 1055 939 868 836 830 719 806 739 721 717 728 704 620 533 458 381 259 266 204 133 49 -1 82 99 303 159 638 288 296 408 403 452 474 557 630 777 776 799 649 670 739 743 897 
2985 3126 3194 3143 3151 3103 3074 3107 3072 3067 2770 2979 2978 2900 2837 2757 2711 2684 2656 2589 2438 2342 2238 2152 2140 2126 1983 2006 2071 1996 1935 1887 1945 1830 1748 1705 1654 1579 1530 1531 1475 1438 1423 1503 1505 1420 1425 1369 1232 1202 1052 1098 1075 1035 926 859 825 814 713 782 717 695 686 691 665 583 498 425 351 247 237 178 118 128 82 -1 143 361 113 697 314 307 437 419 468 484 575 651 807 801 821 633 641 685 713 831 
3075 3230 3304 3253 3263 3215 3187 3223 3188 3184 2875 3097 3097 3018 2955 2873 2827 2801 2774 2706 2550 2450 2342 2252 2243 2231 2077 2108 2181 2104 2042 1994 2060 1939 1853 1810 1759 1679 1630 1636 1578 1542 1531 1621 1627 1539 1547 1491 1348 1319 1157 1214 1194 1154 1037 967 935 929 818 905 838 819 814 823 799 715 629 554 478 357 362 300 230 117 99 143 -1 219 142 555 189 201 309 305 354 378 459 531 678 677 700 564 595 691 669 868 
3207 3382 3466 3415 3429 3380 3353 3395 3360 3359 3031 3272 3275 3194 3130 3046 3000 2976 2950 2880 2716 2612 2497 2401 2396 2388 2219 2261 2347 2267 2203 2154 2231 2104 2013 1970 1918 1833 1783 1797 1737 1702 1696 1801 1811 1720 1733 1677 1525 1498 1320 1393 1375 1337 1212 1138 1109 1110 987 1095 1027 1012 1012 1027 1004 920 832 757 679 550 565 505 434 291 303 361 219 -1 337 336 149 204 186 230 261 300 339 393 506 517 547 535 604 771 676 978 
3095 3230 3296 3245 3252 3204 3175 3205 3169 3163 2874 3076 3073 2996 2934 2855 2808 2782 2753 2686 2539 2445 2343 2259 2246 2230 2091 2112 2172 2099 2039 1991 2045 1933 1852 1809 1759 1685 1637 1636 1580 1543 1527 1600 1600 1517 1519 1464 1332 1301 1158 1199 1174 1133 1029 964 929 916 820 878 815 791 778 778 749 670 588 519 449 356 339 284 230 205 159 113 142 337 -1 662 247 224 364 334 382 392 488 566 729 718 735 524 529 581 600 741 
3442 3644 3740 3688 3706 3658 3633 3680 3646 3648 3299 3562 3568 3485 3420 3334 3288 3266 3241 3170 2997 2888 2766 2664 2664 2660 2475 2529 2630 2547 2480 2432 2521 2386 2291 2248 2195 2106 2055 2077 2016 1982 1981 2102 2116 2023 2041 1985 1825 1800 1608 1696 1681 1645 1513 1437 1410 1417 1287 1411 1343 1331 1336 1354 1333 1249 1160 1085 1008 875 896 836 766 620 638 697 555 336 662 -1 426 471 344 408 393 425 373 357 335 376 414 631 734 962 789 1189 
3259 3417 3493 3442 3452 3403 3376 3412 3376 3372 3063 3285 3285 3206 3143 3062 3015 2990 2962 2894 2738 2639 2530 2439 2431 2419 2263 2296 2370 2293 2230 2182 2248 2128 2042 1999 1947 1867 1818 1825 1767 1730 1719 1809 1814 1727 1734 1678 1536 1507 1345 1403 1381 1342 1226 1156 1123 1118 1006 1091 1025 1005 999 1005 978 896 811 737 662 545 547 485 416 301 288 314 189 149 247 426 -1 56 123 120 167 195 270 342 493 489 512 410 466 623 540 830 
3275 3426 3498 3447 3456 3408 3379 3413 3378 3373 3071 3286 3284 3206 3143 3063 3017 2991 2963 2895 2742 2645 2538 2449 2440 2427 2276 2305 2375 2299 2237 2189 2251 2133 2049 2006 1955 1877 1828 1832 1775 1738 1725 1809 1812 1726 1732 1676 1538 1508 1352 1404 1382 1341 1230 1161 1128 1119 1013 1089 1024 1002 993 996 968 887 804 732 658 548 544 484 417 317 296 307 201 204 224 471 56 -1 144 112 162 179 268 345 506 496 515 372 420 568 494 774 
3370 3533 3611 3560 3571 3522 3495 3532 3496 3493 3180 3406 3406 3327 3263 3182 3135 3110 3083 3014 2857 2757 2646 2554 2547 2536 2376 2412 2489 2411 2348 2300 2368 2246 2159 2116 2064 1983 1933 1942 1884 1847 1838 1930 1935 1848 1856 1800 1656 1627 1462 1523 1502 1463 1345 1274 1243 1238 1124 1213 1146 1127 1121 1127 1101 1019 933 860 784 666 669 607 538 417 408 437 309 186 364 344 123 144 -1 66 78 118 159 225 371 368 392 357 438 636 506 857 
3378 3534 3607 3556 3566 3517 3489 3524 3488 3484 3179 3397 3396 3317 3254 3174 3127 3102 3074 3006 2852 2754 2646 2556 2547 2535 2381 2413 2484 2408 2346 2298 2361 2242 2157 2114 2063 1984 1935 1941 1883 1846 1834 1920 1923 1837 1843 1787 1648 1619 1461 1515 1493 1453 1339 1270 1237 1230 1121 1200 1135 1113 1105 1108 1080 999 916 843 769 658 655 595 527 419 403 419 305 230 334 408 120 112 66 -1 50 76 156 233 396 385 403 306 379 571 449 791 
3426 3583 3657 3606 3615 3567 3539 3574 3538 3533 3228 3446 3445 3367 3304 3223 3177 3151 3123 3055 2902 2803 2695 2605 2596 2584 2430 2461 2534 2457 2395 2347 2410 2292 2207 2164 2112 2033 1984 1990 1932 1895 1884 1970 1973 1887 1893 1837 1698 1668 1510 1564 1542 1502 1389 1319 1287 1279 1170 1250 1184 1163 1154 1157 1129 1048 965 893 819 707 704 644 577 467 452 468 354 261 382 393 167 162 78 50 -1 41 107 184 350 337 354 280 364 573 430 798 
3452 3605 3677 3626 3634 3586 3558 3591 3555 3550 3250 3463 3461 3383 3321 3241 3195 3168 3140 3073 2921 2824 2717 2628 2618 2606 2454 2484 2553 2478 2416 2368 2429 2312 2228 2185 2134 2055 2006 2011 1954 1917 1904 1987 1989 1904 1908 1853 1716 1686 1531 1582 1559 1519 1408 1340 1307 1298 1191 1266 1201 1179 1168 1169 1140 1061 978 907 835 727 721 662 596 492 474 484 378 300 392 425 195 179 118 76 41 -1 100 179 351 332 345 240 324 538 390 764 
3527 3687 3762 3711 3721 3673 3645 3680 3644 3640 3333 3553 3551 3473 3410 3329 3283 3257 3229 3161 3007 2908 2800 2709 2700 2689 2532 2566 2639 2562 2500 2452 2516 2397 2311 2268 2217 2137 2088 2095 2036 2000 1989 2076 2079 1993 1999 1943 1804 1774 1615 1670 1648 1608 1495 1425 1392 1385 1276 1356 1291 1269 1261 1263 1235 1155 1071 999 925 813 811 751 683 570 557 575 459 339 488 373 270 268 159 156 107 100 -1 79 251 232 248 258 362 599 416 828 
3593 3757 3834 3783 3794 3745 3717 3754 3718 3714 3404 3627 3626 3548 3485 3403 3357 3332 3304 3236 3080 2980 2870 2778 2771 2760 2600 2636 2712 2634 2571 2523 2590 2469 2383 2340 2288 2207 2157 2166 2107 2071 2061 2151 2155 2068 2075 2019 1878 1849 1686 1744 1723 1683 1568 1497 1465 1459 1348 1432 1366 1345 1337 1341 1313 1232 1148 1076 1001 887 887 826 757 640 630 651 531 393 566 357 342 345 225 233 184 179 79 -1 174 154 171 289 399 647 444 877 
3709 3888 3971 3919 3932 3884 3857 3896 3861 3859 3537 3772 3773 3693 3629 3547 3500 3476 3449 3380 3219 3116 3002 2907 2902 2893 2725 2767 2850 2771 2707 2659 2732 2607 2518 2475 2422 2339 2289 2301 2242 2206 2199 2297 2304 2215 2225 2169 2022 1994 1823 1889 1870 1831 1711 1638 1607 1605 1487 1582 1515 1497 1491 1498 1471 1389 1304 1230 1154 1035 1039 977 907 780 777 807 678 506 729 335 493 506 371 396 350 351 251 174 -1 52 85 431 542 796 572 1024 
3723 3896 3976 3925 3937 3888 3861 3899 3863 3860 3544 3773 3773 3694 3631 3549 3503 3477 3450 3381 3223 3122 3010 2915 2910 2900 2735 2774 2855 2776 2713 2665 2735 2612 2524 2481 2429 2346 2296 2307 2248 2212 2203 2297 2303 2215 2223 2167 2024 1995 1828 1890 1870 1830 1713 1641 1610 1605 1491 1580 1514 1494 1487 1491 1464 1383 1298 1225 1151 1034 1035 974 905 783 776 801 677 517 718 376 489 496 368 385 337 332 232 154 52 -1 38 387 497 752 525 980 
