NAME : kroA100_Li
TYPE : BWTSP
DIMENSION : 100
EDGE_WEIGHT_TYPE : EXPLICIT
EDGE_WEIGHT_FORMAT : FULL_MATRIX
EDGE_WEIGHT_SECTION
-1 169283 225227 110361 252281 39685 144677 42454 142406 74911 90227 154699 255385 237837 101475 125936 101753 116747 81371 140484 88511 132953 88222 120607 119402 151064 157156 41564 208050 214457 88671 79023 264085 180387 157612 117271 251819 122483 210231 135811 269760 66146 225086 166839 92302 211469 42920 252263 44229 170657 112869 247405 101045 139418 170755 79534 135982 71823 103090 115229 104322 125966 28809 136566 125023 128644 59319 161769 124050 138656 263528 80154 153116 94198 62805 264872 104843 244233 100791 86297 121959 218607 171555 88847 173384 150830 125493 121945 80649 64377 75297 30255 41298 135885 243113 237668 81488 78265 146825 264349 
169283 -1 170847 240282 118596 205661 139181 161984 134251 244183 235884 160649 96975 166198 244581 283061 245510 283689 231022 160324 250184 289675 192143 289456 89307 267097 173734 136337 150097 119074 159238 216592 106932 145148 189308 285757 114312 291726 96114 33651 198445 153606 183455 25656 212421 163650 193262 159561 209427 41612 114696 130229 257725 33130 152908 190279 140039 116070 262607 185116 100611 180254 197920 33172 252666 261849 110274 71054 57327 288744 190181 245865 46224 254391 207621 104502 166386 126233 264711 167000 84263 56994 151323 258130 83231 175207 121850 280643 141951 230180 197832 176947 139975 296313 79377 120094 209304 191141 315599 183081 
225227 170847 -1 333292 107374 262281 81132 250190 82919 279351 226473 78247 153265 22130 227953 348228 229255 328638 306598 93401 258216 355154 170347 324572 118394 371683 84613 185578 21402 59208 276995 208678 153292 44841 98325 304700 113338 321588 85057 173097 45079 259188 17103 145225 189568 13926 213857 50706 266980 129265 113795 82331 324618 182794 56712 291662 90266 157247 262584 137763 127547 122789 247370 165053 347970 352920 187241 102078 142378 363058 40100 264038 128739 258275 287034 161507 133301 83266 319336 281181 119282 153089 55295 291317 88057 92674 100100 343526 258707 284238 188511 251546 184580 355443 163318 82646 301838 178624 331492 45428 
110361 240282 333292 -1 344703 82213 253842 85072 251171 103007 169542 264914 336205 344161 179427 62477 178949 92890 37234 250821 144492 66087 192837 110131 220369 41706 267506 147805 314996 315230 84435 169656 345892 288652 267408 133601 342818 118967 306099 208730 377111 86768 334337 247900 189550 319756 139472 355586 78549 256882 219577 344768 49764 207158 280162 50037 245444 176301 157278 223515 207611 235339 97390 213124 14718 21611 150207 257506 213253 55448 370446 129339 241640 150778 47720 344382 214780 341210 71836 75802 221577 296516 280811 106123 271255 261106 233215 64405 99236 74747 176032 81932 149148 78462 319627 334420 32423 182103 149855 370125 
252281 118596 107374 344703 -1 291935 142399 260582 140012 321820 288328 155262 50233 89091 293440 377010 294654 368103 327701 165573 313540 383975 232864 369182 134350 376514 167552 211383 97275 55317 270064 268312 47466 117807 185122 356912 6923 368856 43739 141302 107908 259388 124474 100725 254837 110708 259188 65215 296412 88703 149804 25924 351560 146837 134283 296186 149952 181849 322186 208773 150611 196528 279974 135000 358351 366145 197111 90581 131671 386901 100726 314543 103067 315685 304935 56402 195763 24217 353073 276848 131025 70449 131949 335474 80535 173827 144208 373472 251589 316642 246807 270130 212881 387930 67055 25314 312404 237391 386327 89415 
39685 205661 262281 82213 291935 -1 181231 53367 179385 43602 90718 189178 294078 275812 101468 86714 101235 78195 47370 174356 73713 93724 111079 84328 159011 123900 189980 81101 245847 253856 94403 88078 302929 217513 187961 87662 291420 87801 249915 172012 307118 76429 261048 205053 107424 248417 57419 291148 4707 209631 151378 287031 62391 174503 206813 69769 172248 111311 88600 142874 143761 155553 15726 173562 96003 97027 97354 201444 163061 100792 301141 60447 192257 80289 37423 303431 136138 283877 61166 88649 161627 256716 207801 56097 213050 183030 163384 82511 94265 24933 93887 32907 80420 96225 281148 277324 60958 100296 115405 302470 
144677 139181 81132 253842 142399 181231 -1 172484 5025 198921 151109 21611 170904 96335 154501 267096 155771 248083 225977 24220 180620 274023 94225 244779 55579 293132 34568 106202 66319 89488 204095 132012 175641 36690 50899 226581 145368 242320 100573 125879 126130 184369 80510 116501 115373 67231 133288 116461 185925 105198 38278 126340 243530 136206 26415 214467 9305 80024 186683 66611 56181 54161 166257 118747 268558 272989 113068 74095 89532 282022 120523 185060 93485 181436 207002 181052 56002 124583 238286 207142 59367 150862 26968 211227 71419 36943 23799 262400 186718 203108 110895 171911 104694 274402 170742 119634 222960 100976 254423 123135 
42454 161984 250190 85072 260582 53367 172484 -1 169338 96969 130747 185884 255393 260032 142054 121084 142195 125713 69103 172884 122833 127692 129539 135099 135506 121600 190464 67086 231265 230167 46497 121089 264802 205971 193430 141009 259003 139724 221289 128882 293378 24778 252447 166068 134731 236901 84976 270677 55318 173675 136506 259866 95818 129321 198889 42064 164654 93041 137908 153902 123311 163072 55405 132096 99362 106108 65146 172578 128913 127573 286505 111380 157735 129133 45698 264109 141156 256343 104785 43851 136578 216398 199299 109248 186213 184980 150636 118777 41633 73887 117592 20631 69660 134579 240284 249567 52706 119981 168374 285727 
142406 134251 82919 251171 140012 179385 5025 169338 -1 198089 151863 26627 167421 97226 155600 265491 156860 247147 223766 28131 180797 272437 95085 244203 50632 290240 39483 103399 67125 87808 200281 132547 172349 38128 55571 226554 142788 241936 97749 120859 127744 180764 83233 111688 116509 69097 132455 116360 184087 100568 34170 124665 241745 131188 29756 211260 9976 76587 187234 68761 51735 56953 164548 113723 265880 270479 109244 69658 84519 280149 121906 184837 88628 181795 204511 177601 56957 122773 236932 203462 54374 146681 29992 210555 67588 41541 19549 260858 182789 201552 111276 169261 102077 273051 166826 117648 220118 101398 254621 124042 
74911 244183 279351 103007 321820 43602 198921 96969 198089 -1 72126 202466 328698 295234 80217 76980 79477 49338 66425 187121 42039 82961 113655 47363 187471 141640 200340 111759 265165 279286 136602 79562 337110 235576 194473 44119 322014 47848 278695 210721 324404 119760 275567 240984 101721 265448 65641 313601 42059 243739 174977 314182 61729 214198 222689 107864 189626 140186 54272 148127 171278 162602 46547 211401 113689 110239 134055 231519 197340 96993 319203 26965 225918 48059 71220 338375 146971 311328 45423 130162 190869 292725 224056 14004 241541 192637 184841 71308 137694 30003 94501 76470 109556 79177 317256 305034 93377 103571 72583 322044 
90227 235884 226473 169542 288328 90718 151109 130747 151863 72126 -1 148307 305609 245031 11307 148771 11526 116123 132396 133415 34893 154461 56901 106032 159227 210243 142702 102608 215899 239068 177101 20185 312663 185902 132908 80448 289968 100497 244665 205278 270546 155367 219600 225261 37001 213014 48524 267289 93118 223173 139160 275715 133404 211840 170697 159214 142153 119997 36127 88838 143162 103923 79177 203186 181914 180088 132461 202712 180775 169080 266475 46709 205466 32869 128011 315802 95116 273506 117336 173354 163825 274590 172500 78122 208898 134600 144234 143024 170730 95411 41550 112782 98215 149146 298460 267909 151632 50973 105323 271287 
154699 160649 78247 264914 155262 189178 21611 185884 26627 202466 148307 -1 187601 96915 150146 273586 151444 251800 235209 15358 180000 280409 92109 246970 76761 305037 13649 118835 68581 100520 220149 130435 191631 39541 31220 226517 158922 243703 115461 147378 122782 199618 73102 137680 111484 64709 137518 120736 193808 125881 57074 136693 250879 157691 22992 227937 24075 95512 184395 59882 75613 45209 173755 140300 279612 283313 129609 94340 110988 289608 118326 186120 114797 180028 217495 197597 55564 135471 243824 222623 80737 170040 25087 214016 89955 18597 43578 268640 203310 209693 110400 183269 116628 279785 188965 131249 234860 100556 253248 122999 
255385 96975 153265 336205 50233 294078 170904 255393 167421 328698 305609 187601 -1 137037 312231 375648 313357 372049 324340 195094 326783 382439 253176 375549 146418 363989 200876 217008 139714 95662 256128 285436 10066 154265 218691 367272 43318 376505 73348 127476 158021 249447 170128 89491 275183 154172 270253 115051 298244 84963 167484 75501 350101 129645 169355 286371 176779 190023 337164 234281 162649 224020 284072 123419 348932 357814 196742 103301 131433 382944 150706 325474 102841 329839 300998 10283 218684 73003 354762 263790 141932 39985 167075 342664 100273 205972 166076 372758 238626 318999 264432 268230 219508 388020 21564 71544 304717 255774 397185 139555 
237837 166198 22130 344161 89091 275812 96335 260032 97226 295234 245031 96915 137037 -1 247060 362268 248358 344349 319011 111620 276006 369241 188443 341087 125477 381603 104656 197246 30104 48237 283851 226740 136058 59802 119256 322291 95451 338506 74065 172745 34363 267200 37935 141012 208328 32995 229594 28759 280519 124836 125096 63351 338194 181915 74335 300884 105638 167932 281048 156795 136723 142027 261266 164754 358756 364256 195818 101388 145067 376335 26755 281112 127398 276384 298696 144633 150746 64906 334040 288592 125478 141541 72558 307561 86302 112588 112446 357738 265287 298455 206138 262944 196708 370149 149062 65508 312290 196203 349599 26817 
101475 244581 227953 179427 293440 101468 154501 142054 155600 80217 11307 150146 312231 247060 -1 156085 1304 121945 142214 135595 40223 161536 60692 110560 166100 219841 143602 112543 218325 243238 188402 28003 319070 188471 132622 83083 295310 104270 249904 214423 271552 166673 220300 233203 39128 214692 59518 270079 103710 230531 145116 280017 141882 221226 172845 170258 145750 128522 37047 90277 150270 105170 90270 212079 191541 189337 142529 209068 188944 176732 267785 53816 212961 36492 138639 322459 98643 277934 124891 184629 170817 281989 174740 84807 214606 135489 149238 150297 182012 104949 47887 124045 108060 155512 305680 272489 162285 56510 105765 273056 
125936 283061 348228 62477 377010 86714 267096 121084 265491 76980 148771 273586 375648 362268 156085 -1 155222 39941 52332 258453 116201 7018 188591 57807 245244 83980 273046 167499 332244 340392 138755 156287 384877 303595 268848 87662 376128 67411 335625 249869 393197 133369 346208 286157 178354 334323 136709 377862 82029 292485 238074 373150 25569 250387 292255 102065 257987 197758 124762 222607 230257 236529 101003 252781 63089 53420 180252 286885 246408 21485 387384 102314 275681 121114 75579 384584 218999 369919 31563 130141 247631 337058 293365 71458 299009 265663 249923 5814 149520 64010 169662 107538 167048 16070 361110 363306 80456 178090 95096 388977 
101753 245510 229255 178949 294654 101235 155771 142195 156860 79477 11526 151444 313357 248358 1304 155222 -1 120945 141727 136889 39262 160645 61932 109466 167200 219299 144906 113269 219618 244489 188513 28918 320212 189761 133920 81891 296513 103130 251111 215290 272856 166838 221604 234215 40401 215994 59947 271367 103426 231597 146276 281264 141167 222057 174141 170137 147014 129460 35824 91576 151350 106472 90189 212980 191008 188735 143233 210209 189930 175904 269088 52992 214014 35415 138358 323583 99903 279177 124062 184685 171908 283054 176034 83903 215786 136793 150449 149430 182246 104418 48980 124089 108802 154552 306761 273726 162009 57664 104489 274357 
116747 283689 328638 92890 368103 78195 248083 125713 247147 49338 116123 251800 372049 344349 121945 39941 120945 -1 67110 236454 81766 43161 162477 18134 234054 121825 249554 156784 314261 327196 154857 126954 380805 284760 243279 47898 367944 27685 325409 250042 373701 143828 324902 283183 149072 314730 114816 362284 74285 287396 223073 361592 43313 252197 271996 119841 238799 186309 87993 197006 218148 211621 88324 251729 97788 89907 175443 277540 240789 61208 368453 69725 269860 85732 85380 381470 196294 358625 22965 146870 237136 334878 273348 38680 288294 241808 233445 34617 161511 53509 143320 107675 155228 34192 359324 352224 99683 152591 57255 371165 
81371 231022 306598 37234 327701 47370 225977 69103 223766 66425 132396 235209 324340 319011 142214 52332 141727 67110 -1 220618 107481 58755 158362 81950 198189 78019 236635 121876 289312 293720 88914 133191 333685 261758 235140 100793 326486 89642 287182 197983 351102 81326 306293 234915 153582 292837 104621 332614 43180 241920 193926 325262 27987 198240 251955 53008 217208 151758 120572 190223 184056 202776 63060 201151 49711 49712 130608 238297 196340 59200 344819 92364 225493 113832 23408 333130 183041 321894 44149 80611 200103 285463 252807 71100 251097 229844 206794 50674 97961 37559 140879 57694 122306 66747 309382 315194 32586 147571 120969 345429 
140484 160324 93401 250821 165573 174356 24220 172884 28131 187121 133415 15358 195094 111620 135595 258453 136889 236454 220618 -1 164817 265260 76980 231619 73000 291196 18057 105819 82737 111694 208582 115317 199745 53008 29302 211301 168804 228382 124356 144040 138063 187585 88451 138655 96734 79756 122244 134647 178966 128208 50188 148334 235886 154205 37293 214863 20375 84408 169455 45593 68672 31584 158868 137405 265498 268969 118845 97657 107700 274632 133500 170801 115425 164946 203281 205231 40206 146842 228595 210670 77534 174805 39149 198658 95606 15543 39013 253478 192182 194611 95133 169417 103316 264530 194905 142226 221103 85268 238177 137906 
88511 250184 258216 144492 313540 73713 180620 122833 180797 42039 34893 180000 326783 276006 40223 116201 39262 81766 107481 164817 -1 121502 87907 71142 181048 183616 175446 113857 246429 266535 167150 49679 334429 216385 166685 46597 314630 65717 269819 217906 302731 147391 252235 242690 70509 244560 57136 297066 74507 242650 163774 302741 103457 223170 201851 143222 171430 137241 15086 121563 164599 136643 67444 217025 155577 152278 141573 225398 197945 137075 298312 15171 224686 6601 108366 336821 125262 300280 85300 161941 185220 293503 203522 44760 233205 167406 170891 110396 164419 70016 69872 102719 110243 115291 317814 294393 131680 79811 73824 302533 
132953 289675 355154 66087 383975 93724 274023 127692 272437 82961 154461 280409 382439 369241 161536 7018 160645 43161 58755 265260 121502 -1 195085 60482 252257 84233 279779 174516 339211 347410 144251 162428 391686 310536 275444 91053 383077 70026 342619 256530 400132 139493 353072 292952 184536 341247 143413 384871 89041 299360 245078 380157 32458 256952 299147 107560 264906 204776 129564 229172 237275 243154 107975 259504 65233 54918 187174 293872 253317 18613 394335 107869 282586 126240 82095 391352 225749 376923 37697 135598 254638 343796 300266 76752 306013 272372 256907 11860 155438 70919 176114 114401 174065 13365 367820 370308 85962 184620 96397 395955 
88222 192143 170347 192837 232864 111079 94225 129539 95085 113655 56901 92109 253176 188443 60692 188591 61932 162477 158362 76980 87907 195085 -1 156037 108329 234512 87843 74910 159132 182587 173957 38338 259665 129104 80828 134463 234849 152193 189412 164798 214824 151063 164431 177835 22081 156735 53763 210403 115182 173390 85698 219343 168308 172937 114147 167677 85315 78549 92688 34532 93414 49304 95559 161098 206913 208069 102989 149881 135030 206696 210434 94727 156350 87972 145853 263444 38224 217246 157531 172944 113286 224667 115886 123990 154529 79891 88739 183230 162167 126682 19164 118086 70228 192624 247833 211798 167413 10794 161204 214845 
120607 289456 324572 110131 369182 84328 244779 135099 244203 47363 106032 246970 375549 341087 110560 57807 109466 18134 81950 231619 71142 60482 156037 -1 234833 139930 243788 158846 311098 326386 167666 119053 384061 281307 236364 31340 369363 9605 326049 255845 369514 154919 319938 287387 140802 310723 112021 360144 81063 290627 222068 361433 60368 258675 267863 133722 235474 187511 74895 190453 218636 205338 91799 256993 115622 107950 179909 278863 244120 78838 364579 61394 272873 74077 97940 385153 191437 358605 38626 159988 238222 339159 269336 33892 288897 235890 231588 52627 172853 61241 137061 115904 156783 50099 363677 352332 114402 146690 39734 367859 
119402 89307 118394 220369 134350 159011 55579 135506 50632 187471 159227 76761 146418 125477 166100 245244 167200 234054 198189 73000 181048 252257 108329 234833 -1 256727 88513 77916 98021 95530 158756 139069 153670 77450 102300 223170 134674 234556 91359 71072 159448 141724 124241 70847 129987 106226 125413 135218 163602 65076 25423 128021 220133 81286 77111 175708 53573 47828 190941 96376 16471 90948 146285 64415 234793 241017 70621 44453 34700 256944 152187 180903 48380 183805 176536 156592 78086 124888 219837 163234 5148 116352 76423 201127 54244 88430 34021 241333 140370 183370 118221 140761 78952 255233 139706 118373 188141 109860 252822 150596 
151064 267097 371683 41706 376514 123900 293132 121600 290240 141640 210243 305037 363989 381603 219841 83980 219299 121825 78019 291196 183616 84233 234512 139930 256727 -1 308117 186937 352861 350457 107863 211096 373878 327302 308530 167049 374129 149383 339585 237349 414978 117327 373470 277570 231168 358314 181178 391597 120182 287938 257909 378433 82511 234363 319529 81250 284948 214439 195618 264973 244895 276592 139095 242598 28334 32320 186110 291595 246306 66916 408099 168460 273759 189699 89002 371582 255813 374758 104335 100288 257495 324019 320073 142727 305868 301881 271866 88216 125583 114895 217737 121787 188656 97555 346205 367944 70216 223787 178611 407199 
157156 173734 84613 267506 167552 189980 34568 190464 39483 200340 142702 13649 200876 104656 143602 273046 144906 249554 236635 18057 175446 279779 87843 243788 88513 308117 -1 123469 77805 112494 226578 125775 204742 50384 17822 222042 171416 240036 128437 159481 127963 205501 76902 151020 105701 71768 136385 129902 194538 139411 67125 148209 250982 169746 33541 232376 34959 102464 178812 53933 85742 38829 174370 152566 282149 285328 136900 107938 123049 289743 124233 182548 128044 174999 219862 210831 54077 147181 242770 228596 92737 183678 35845 211352 103577 8115 54680 267952 210226 209478 106728 186420 120820 278506 202508 143225 238141 97139 248005 129972 
41564 136337 185578 147805 211383 81101 106202 67086 103399 111759 102608 118835 217008 197246 112543 167499 113269 156784 121876 105819 113857 174516 74910 158846 77916 186937 123469 -1 167697 172896 104992 85112 225362 140871 127253 150847 211161 159518 168989 104167 229686 82940 186615 130096 88527 171987 57135 210926 85703 132048 72167 205937 142560 109914 132593 109115 98040 30260 126510 91141 62762 98190 68593 103172 162506 167349 30085 120802 85852 179920 223226 109924 114186 118168 101533 226742 76049 202798 141961 106006 80631 181615 133154 125696 132025 118179 85478 163496 90528 105488 70966 65970 4768 177318 206121 196263 116759 68370 180818 223590 
208050 150097 21402 314996 97275 245847 66319 231265 67125 265165 215899 68581 139714 30104 218325 332244 219618 314261 289312 82737 246429 339211 159132 311098 98021 352861 77805 167697 -1 44052 256775 197345 140907 30050 93785 292606 102522 308604 68363 151711 62134 239400 33792 124444 179399 14841 199524 52202 250555 108610 95542 74265 308237 161431 45618 272446 75624 138696 251816 128253 108095 113762 231242 143667 329629 334919 167625 80801 121075 346442 55530 251274 107473 246958 269219 148590 121205 74205 303950 261167 98622 135538 43632 277534 67023 85416 82568 327692 238380 268401 176564 233540 167019 340061 147735 71961 283283 166623 320124 56917 
214457 119074 59208 315230 55317 253856 89488 230167 87808 279286 239068 100520 95662 48237 243238 340392 244489 327196 293720 111694 266535 347410 182587 326386 95530 350457 112494 172896 44052 -1 248234 219418 97016 62516 129958 311360 59782 325110 26124 129118 79380 233778 75454 94426 204211 58575 214654 42713 258498 78360 104320 36864 315424 137591 79087 269206 97758 142637 273956 156067 110136 143083 240515 121341 329512 336102 165023 60184 106170 352435 71114 269115 83850 268053 272001 104578 144657 35157 314215 253839 93804 94176 76757 292495 45087 118993 95666 336345 229463 277852 197945 236263 173441 349921 104293 30742 282869 188218 340148 64369 
88671 159238 276995 84435 270064 94403 204095 46497 200281 136602 177101 220149 256128 283851 188402 138755 188513 154857 88914 208582 167150 144251 173957 167666 158756 107863 226578 104992 256775 248234 -1 167544 266023 234464 231839 179380 267349 173956 234933 129785 318021 22902 281600 170252 180626 264460 131416 290413 94887 181365 166191 273727 116537 126517 229988 36696 197310 124647 182214 195569 150071 203179 100098 135363 95113 105291 91038 188271 142265 138056 310605 154643 168210 173607 69740 263732 181037 269937 132100 8721 158406 216156 230021 147185 203161 221983 180818 138313 18777 109247 163226 64868 108658 154280 238407 263136 58306 164881 204410 308199 
79023 216592 208678 169656 268312 88078 132012 121089 132547 79562 20185 130435 285436 226740 28003 156287 28918 126954 133191 115317 49679 162428 38338 119053 139069 211096 125775 85112 197345 219418 167544 -1 292479 167300 117400 96275 269894 114634 224626 186440 253104 145152 202557 205451 22184 195072 36133 248407 91309 203129 119012 255987 138337 193305 152469 153409 122948 100545 54688 71924 123039 86987 74327 184075 182860 182298 115184 182526 161085 175640 248761 57729 185462 49646 125295 295632 76184 253725 124760 164648 143686 254564 154191 88278 188769 117743 124322 150693 159401 97946 21524 104912 80544 158578 278386 248071 148486 31208 122874 253171 
264085 106932 153292 345892 47466 302929 175641 264802 172349 337110 312663 191631 10066 136058 319070 384877 320212 380805 333685 199745 334429 391686 259665 384061 153670 373878 204742 225362 140907 97016 266023 292479 -1 157178 222561 375326 40777 384880 76420 137171 155157 259149 170300 98770 281715 155104 278089 112668 307129 93456 174064 73338 359320 139516 172682 296098 181868 197999 344590 239835 170008 229174 292718 132956 358674 367502 205646 110004 140045 392372 148100 333412 111196 337368 310365 9220 224645 71283 363716 273655 149308 49941 170378 351057 105842 210117 171982 381933 248468 327859 271360 277404 227758 397139 31101 70764 314337 262568 405205 136650 
180387 145148 44841 288652 117807 217513 36690 205971 38128 235576 185902 39541 154265 59802 188471 303595 189761 284760 261758 53008 216385 310536 129104 281307 77450 327302 50384 140871 30050 62516 234464 167300 157178 -1 67574 262584 122025 278704 80937 140147 89617 215920 47143 120028 149482 31124 169955 81647 222215 105588 69472 97846 279873 150360 16863 247649 45962 112932 221792 98600 84400 84353 202669 132291 303344 308177 143927 74198 106075 318271 83863 221322 99508 216910 242260 163901 91155 96892 274923 238240 79330 142400 14596 247819 64361 57389 55459 298942 216462 239638 146517 206835 139791 311041 158532 93143 257332 136577 290074 86552 
157612 189308 98325 267408 185122 187961 50899 193430 55571 194473 132908 31220 218691 119256 132622 268848 133920 243279 235140 29302 166685 275444 80828 236364 102300 308530 17822 127253 93785 129958 231839 117400 222561 67574 -1 213108 189073 232025 146244 173328 140036 210124 88498 167188 96209 86275 132424 145479 192391 156097 79125 165381 247700 183479 50872 234900 49308 109669 168749 46360 97393 32461 172240 166707 281924 284405 144009 124902 137000 286355 137035 174971 144049 165649 219694 228650 52775 164466 238039 233221 106832 201120 53202 204736 121106 14106 68312 263585 216240 206002 99991 187514 124072 273348 220181 160657 239084 90980 238032 143703 
117271 285757 304700 133601 356912 87662 226581 141009 226554 44119 80448 226517 367272 322291 83083 87662 81891 47898 100793 211301 46597 91053 134463 31340 223170 167049 222042 150847 292606 311360 179380 96275 375326 262584 213108 -1 357644 22776 313322 252559 349276 163453 298829 280938 116900 291010 97781 342911 85840 282469 207690 347230 84947 256581 248246 148516 217341 177332 46185 168151 206720 183236 89835 252726 141157 134741 175511 267613 236625 109048 344800 42379 264510 47579 111529 377141 171576 344635 62778 172514 227021 332445 249885 32202 276382 213999 215745 82152 181451 70276 116216 120560 147983 81300 356938 338597 131577 126131 29971 348880 
251819 114312 113338 342818 6923 291420 145368 259003 142788 322014 289968 158922 43318 95451 295310 376128 296513 367944 326486 168804 314630 383077 234849 369363 134674 374129 171416 211161 102522 59782 267349 269894 40777 122025 189073 357644 -1 369217 45447 138128 114779 257174 130423 97460 256872 116203 259870 72000 295862 86197 151085 32568 350636 143287 138328 294058 152682 181878 323539 211494 151043 199529 279709 132060 356359 364308 196002 90504 130200 385675 107560 315302 101279 316909 303608 49633 198047 30563 352583 274259 131148 64630 135994 335730 81426 177514 146112 372675 248962 316196 248421 269017 212807 387259 60270 30792 310584 239097 387160 96293 
122483 291726 321588 118967 368856 87801 242320 139724 241936 47848 100497 243703 376505 338506 104270 67411 103130 27685 89642 228382 65717 70026 152193 9605 234556 149383 240036 159518 308604 325110 173956 114634 384880 278704 232025 22776 369217 -1 325540 258191 366423 160341 316492 288826 136045 307787 110456 358131 84910 291542 220879 360461 69241 261376 264924 140679 233025 187601 67923 186417 218247 201402 93809 259049 124834 117339 181754 278785 245174 88417 361654 57584 273701 67983 104409 386199 188299 357709 47183 166462 238100 340570 266459 33854 288420 232075 229923 62227 178348 65976 133416 120065 157199 59401 365101 351510 121866 143182 31338 365228 
210231 96114 85057 306099 43739 249915 100573 221289 97749 278695 244665 115461 73348 74065 249904 335625 251111 325409 287182 124356 269819 342619 189412 326049 91359 339585 128437 168989 68363 26124 234933 224626 76420 80937 146244 313322 45447 325540 -1 110462 103762 222284 100951 72740 211430 83178 215653 63485 254453 57381 106069 38862 310300 117991 96268 258582 107572 139123 278452 166308 107423 154656 237526 103114 320066 327338 156774 48886 93280 346312 95526 270945 66979 271947 264764 82967 152624 35176 310930 241132 88363 68092 93967 292274 37155 134015 100681 331909 216205 274459 203131 229488 170241 346098 79448 28364 273683 193754 342682 87465 
135811 33651 173097 208730 141302 172012 125879 128882 120859 210721 205278 147378 127476 172745 214423 249869 215290 250042 197983 144040 217906 256530 164798 255845 71072 237349 159481 104167 151711 129118 129785 186440 137171 140147 173328 252559 138128 258191 110462 -1 206582 121979 183299 40674 184094 163666 161296 171609 175778 53576 94890 148098 224466 10359 144340 158932 124597 86778 230677 162090 78044 159405 164383 8045 221519 230339 77073 71466 36432 256074 198472 213055 45467 222321 174576 135763 143010 144152 231133 137076 66744 87893 143169 224648 86443 159495 105092 247347 111766 196533 168615 143420 108053 262952 111483 137518 177288 162664 282344 193136 
269760 198445 45079 377111 107908 307118 126130 293378 127744 324404 270546 122782 158021 34363 271552 393197 272856 373701 351102 138063 302731 400132 214824 369514 159448 414978 127963 229686 62134 79380 318021 253104 155157 89617 140036 349276 114779 366423 103762 206582 -1 301128 51540 173643 233562 59003 258930 43265 311821 157507 157586 82620 369486 215587 101722 334479 135301 200819 306673 181709 170143 166635 292285 198625 391751 396981 229534 135414 179406 407859 8268 308849 161142 302609 331219 164217 178132 85442 364389 322664 159615 168835 100353 336322 120213 136078 144326 388523 299492 329225 233182 295587 228888 400500 172894 88370 345416 223329 375760 18507 
66146 153606 259188 86768 259388 76429 184369 24778 180764 119760 155367 199618 249447 267200 166673 133369 166838 143828 81326 187585 147391 139493 151063 154919 141724 117327 205501 82940 239400 233778 22902 145152 259149 215920 210124 163453 257174 160341 222284 121979 301128 -1 262943 161401 157839 246342 109025 275410 77708 171004 146925 261140 109263 120476 210520 37019 177218 104426 162476 173047 131686 180997 79953 126519 99611 108372 72006 174481 129006 136222 293908 135619 156489 153735 59149 257616 158869 257452 121772 23114 141909 209748 210681 131368 188948 200638 161468 131989 18042 94477 140387 44718 86414 148069 232909 250637 55835 141980 189909 292137 
225086 183455 17103 334337 124474 261048 80510 252447 83233 275567 219600 73102 170128 37935 220300 346208 221604 324902 306293 88451 252235 353072 164431 319938 124241 373470 76902 186615 33792 75454 281600 202557 170300 47143 88498 298829 130423 316492 100951 183299 51540 262943 -1 157803 182600 19832 210532 66669 265720 142104 116182 99413 323126 193241 54339 294277 89105 159477 255705 130822 131530 115717 245835 175290 349050 353491 190980 113375 150971 361767 48984 258922 139966 251881 287502 178463 128642 100369 316706 285329 125783 168728 53556 287086 100229 85000 101846 341344 263605 282224 183077 252408 185193 352722 179739 99709 303349 173323 324906 57183 
166839 25656 145225 247900 100725 205053 116501 166068 111688 240984 225261 137680 89491 141012 233203 286157 234215 283183 234915 138655 242690 292952 177835 287387 70847 277570 151020 130096 124444 94426 170252 205451 98770 120028 167188 280938 97460 288826 72740 40674 173643 161401 157803 -1 198954 138002 185575 135728 209139 16176 96012 108909 260610 46335 128503 198420 118281 105767 254228 167128 84506 160843 195634 34976 260999 269500 107743 45831 44768 293640 165394 239862 23274 246376 211601 98543 148932 104921 265497 177390 65701 51772 126825 254987 57588 153100 101148 283273 152061 229934 185616 178750 133108 298561 76292 98459 216070 178100 310908 158715 
92302 212421 189568 189550 254837 107424 115373 134731 116509 101721 37001 111484 275183 208328 39128 178354 40401 149072 153582 96734 70509 184536 22081 140802 129987 231168 105701 88527 179399 204211 180626 22184 281715 149482 96209 116900 256872 136045 211430 184094 233562 157839 182600 198954 -1 176164 51520 231044 111001 194975 107700 241017 160002 191818 134024 169884 106642 97333 73118 51856 114775 66930 92807 180828 203068 203015 118071 171882 155617 197554 229538 79652 177779 69495 144070 285446 59563 238980 146853 178582 134890 246333 135876 110409 176609 97600 110777 172782 170683 119192 17904 120488 83761 180761 269624 233601 166789 21437 142314 234483 
211469 163650 13926 319756 110708 248417 67231 236901 69097 265448 213014 64709 154172 32995 214692 334323 215994 314730 292837 79756 244560 341247 156735 310723 106226 358314 71768 171987 14841 58575 264460 195072 155104 31124 86275 291010 116203 307787 83178 163666 59003 246342 19832 138002 176164 -1 199942 59882 253115 122343 100412 86838 310742 173564 42867 278483 76349 143889 249104 124433 114657 109535 233482 155646 334444 339300 174345 93554 131765 349201 53868 250251 120160 244694 273383 162921 119530 87156 305412 268480 107429 150361 41404 277440 80419 79752 86543 329614 246278 270329 174801 237954 170914 341518 162508 85463 288391 164900 317923 58367 
42920 193262 213857 139472 259188 57419 133288 84976 132455 65641 48524 137518 270253 229594 59518 136709 59947 114816 104621 122244 57136 143413 53763 112021 125413 181178 136385 57135 199524 214654 131416 36133 278089 169955 132424 97781 259870 110456 215653 161296 258930 109025 210532 185575 51520 199942 -1 248150 61449 185819 110460 250091 115288 166978 157265 118474 123998 80336 69390 86508 108954 99999 42088 160137 153394 154332 85927 169864 140846 153932 253640 55491 167839 61131 93082 280228 82415 247386 106425 128610 129326 236498 158581 78216 178653 128960 119581 131578 123453 73583 36594 69331 53303 142296 260857 241246 115467 42969 127412 256405 
252263 159561 50706 355586 65215 291148 116461 270677 116360 313601 267289 120736 115051 28759 270079 377862 271367 362284 332614 134647 297066 384871 210403 360144 135218 391597 129902 210926 52202 42713 290413 248407 112668 81647 145479 342911 72000 358131 63485 171609 43265 275410 66669 135728 231044 59882 248150 -1 295836 119927 139853 39551 353257 179875 97747 310399 125636 180867 303035 180232 148591 165865 277179 163892 370000 376208 205621 102780 148646 390842 35692 301166 126480 297888 311423 121615 172250 42221 350641 295837 134146 126111 95705 326367 87556 137582 128840 373579 271659 314568 227352 275581 210975 386620 129630 45169 323343 217428 370878 25175 
44229 209427 266980 78549 296412 4707 185925 55318 184087 42059 93118 193808 298244 280519 103710 82029 103426 74285 43180 178966 74507 89041 115182 81063 163602 120182 194538 85703 250555 258498 94887 91309 307129 222215 192391 85840 295862 84910 254453 175778 311821 77708 265720 209139 111001 253115 61449 295836 -1 213879 156074 291618 57684 178100 211493 68716 176937 115929 89229 147194 148391 159967 20184 177452 92164 92887 101502 205946 167331 96100 305847 60760 196551 81105 34932 307565 140659 288454 56767 88805 166188 260765 212486 53942 217613 187561 168091 77854 95662 20812 97795 35214 85072 91656 285176 281895 58584 104392 113076 307177 
170657 41612 129265 256882 88703 209631 105198 173675 100568 243739 223173 125881 84963 124836 230531 292485 231597 287396 241920 128208 242650 299360 173390 290627 65076 287938 139411 132048 108610 78360 181365 203129 93456 105588 156097 282469 86197 291542 57381 53576 157507 171004 142104 16176 194975 122343 185819 119927 213879 -1 89122 94542 266918 60657 115058 207923 107947 105483 253531 159810 80330 152339 199267 46684 270309 278418 112534 31951 46608 300965 149262 240826 17982 245966 218788 94711 142245 90588 270559 188155 60105 51458 113264 257702 42095 142104 92165 289343 162888 234563 182673 184961 134590 304355 75345 83977 224750 174615 312408 142697 
112869 114696 113795 219577 149804 151378 38278 136506 34170 174977 139160 57074 167484 125096 145116 238074 146276 223073 193926 50188 163774 245078 85698 222068 25423 257909 67125 72167 95542 104320 166191 119012 174064 69472 79125 207690 151085 220879 106069 94890 157586 146925 116182 96012 107700 100412 110460 139853 156074 89122 -1 139642 213621 104865 63804 178187 33005 43477 172454 71118 18627 65574 137326 88735 234238 239396 75183 64184 59105 251504 151068 165332 73197 165882 173678 177749 53152 136976 210833 169508 30531 139784 63838 188177 69783 65714 14637 233747 148634 174716 97646 138006 71645 246780 162498 130907 188046 88614 236850 151514 
247405 130229 82331 344768 25924 287031 126340 259866 124665 314182 275715 136693 75501 63351 280017 373150 281264 361592 325262 148334 302741 380157 219343 361433 128021 378433 148209 205937 74265 36864 273727 255987 73338 97846 165381 347230 32568 360461 38862 148098 82620 261140 99413 108909 241017 86838 250091 39551 291618 94542 139642 -1 347938 155022 114668 297403 134618 175796 310439 192897 143546 179802 274204 141011 358785 365958 195132 87289 132134 384308 75216 304907 105608 304406 303019 82193 181477 4000 347825 279970 125519 89456 112364 327560 74197 155006 131894 369304 255013 311367 234487 267581 206879 383253 90565 10623 312347 224808 376206 64222 
101045 257725 324618 49764 351560 62391 243530 95818 241745 61729 133404 250879 350101 338194 141882 25569 141167 43313 27987 235886 103457 32458 168308 60368 220133 82511 250982 142560 308237 315424 116537 138337 359320 279873 247700 84947 350636 69241 310300 224466 369486 109263 323126 260610 160002 310742 115288 353257 57684 266918 213621 347938 -1 225134 268979 80198 234504 172806 114308 201756 205308 215258 77308 227299 56214 50247 154717 261521 220859 38762 363529 88587 250129 109146 50635 359055 196917 344679 22301 108112 222430 311556 270012 60639 273766 243780 225757 22975 125948 41708 149742 81968 142295 38931 335637 338048 58948 157626 100095 364839 
139418 33130 182794 207158 146837 174503 136206 129321 131188 214198 211840 157691 129645 181915 221226 250387 222057 252197 198240 154205 223170 256952 172937 258675 81286 234363 169746 109914 161431 137591 126517 193305 139516 150360 183479 256581 143287 261376 117991 10359 215587 120476 193241 46335 191818 173564 166978 179875 178100 60657 104865 155022 225134 -1 154682 157164 134841 94541 236245 171366 87749 169058 167693 18069 219585 228730 81677 80897 46713 255744 207439 217724 54522 227778 174861 137440 152267 151047 232754 134146 77017 89704 153501 228045 95673 169679 115295 248085 109000 198742 175997 144923 114004 263835 112477 144505 176185 170384 286228 201809 
170755 152908 56712 280162 134283 206813 26415 198889 29756 222689 170697 22992 169355 74335 172845 292255 174141 271996 251955 37293 201851 299147 114147 267863 77111 319529 33541 132593 45618 79087 229988 152469 172682 16863 50872 248246 138328 264924 96268 144340 101722 210520 54339 128503 134024 42867 157265 97747 211493 115058 63804 114668 268979 154682 -1 240861 34776 106301 206717 82674 80796 68145 191672 136742 294879 299209 138961 83127 108854 307574 96735 207396 106716 202114 233222 179140 76701 113660 263039 233212 79972 155219 2335 234610 75591 40542 49171 287460 212424 228246 132032 198233 131024 299118 172519 109787 249348 122116 275343 100704 
79534 190279 291662 50037 296186 69769 214467 42064 211260 107864 159214 227937 286371 300884 170258 102065 170137 119841 53008 214863 143222 107560 167677 133722 175708 81250 232376 109115 272446 269206 36696 153409 296098 247649 234900 148516 294058 140679 258582 158932 334479 37019 294277 198420 169884 278483 118474 310399 68716 207923 178187 297403 80198 157164 240861 -1 206692 134800 157926 194217 164352 204091 80056 163535 62601 71573 105112 210429 165347 101843 327472 129354 193189 149819 37000 294468 182368 293757 96903 28080 176352 246617 241239 116723 224639 226773 192432 101701 49450 78586 153762 49659 111563 117632 269640 286946 21611 157554 171691 326284 
135982 140039 90266 245444 149952 172248 9305 164654 9976 189626 142153 24075 176779 105638 145750 257987 147014 238799 217208 20375 171430 264906 85315 235474 53573 284948 34959 98040 75624 97758 197310 122948 181868 45962 49308 217341 152682 233025 107572 124597 135301 177218 89105 118281 106642 76349 123998 125636 176937 107947 33005 134618 234504 134841 34776 206692 -1 72799 177633 58826 51540 47308 157210 117768 260161 264439 106432 77701 88172 273037 129758 175782 95051 172307 198454 186985 47127 132742 229091 200103 57873 155108 35604 201924 76685 35237 19752 253267 180184 193987 101764 163524 96342 265204 175677 127624 214743 91858 245244 132436 
71823 116070 157247 176301 181849 111311 80024 93041 76587 140186 119997 95512 190023 167932 128522 197758 129460 186309 151758 84408 137241 204776 78549 187511 47828 214439 102464 30260 138696 142637 124647 100545 197999 112932 109669 177332 181878 187601 139123 86778 200819 104426 159477 105767 97333 143889 80336 180867 115929 105483 43477 175796 172806 94541 106301 134800 72799 -1 148495 82607 32504 85117 98456 83793 190933 196325 34473 91376 61033 210056 194151 135451 87503 140728 130877 199956 64312 172695 172031 127308 50833 156269 106577 153968 102053 98529 57632 193745 107872 135571 81956 95064 31126 207501 180574 166195 144636 75898 207206 194076 
103090 262607 262584 157278 322186 88600 186683 137908 187234 54272 36127 184395 337164 281048 37047 124762 35824 87993 120572 169455 15086 129564 92688 74895 190941 195618 178812 126510 251816 273956 182214 54688 344590 221792 168749 46185 323539 67923 278452 230677 306673 162476 255705 254228 73118 249104 69390 303035 89229 253531 172454 310439 114308 236245 206717 157926 177633 148495 -1 124964 174582 140046 82526 229503 167825 163897 154855 235056 209464 146021 302595 28756 235620 8900 122706 347269 130785 308114 94813 176959 195287 304645 208498 53971 242183 170707 178606 118955 179484 83423 76043 117805 122686 122119 328836 302378 145846 85859 69294 307352 
