NAME : kroB200_Li
TYPE : BWTSP
DIMENSION : 200
EDGE_WEIGHT_TYPE : EXPLICIT
EDGE_WEIGHT_FORMAT : FULL_MATRIX
EDGE_WEIGHT_SECTION
-1 260693 54851 200949 136789 223332 113063 58068 51520 58207 72150 26286 279041 230146 248977 243890 294869 258915 300758 78317 25809 198049 198790 245922 52654 118412 66179 81432 49232 88146 306999 43972 243288 83830 84398 291025 112945 69855 112395 109994 309867 251690 167326 335002 285051 47725 148758 296302 65540 198857 316446 141739 100290 143723 203998 129884 100848 117655 59208 141433 80965 125822 295318 235879 122726 153485 142698 65192 103423 119165 43855 104484 83860 135907 93999 67408 234946 279583 131572 82165 147216 257943 206531 115577 77291 62950 162773 186711 171882 14950 79212 302011 76521 96555 9596 288276 73711 22948 61782 124857 114621 316166 222870 205048 246966 216822 43214 47882 260012 267783 82525 263388 136190 155080 128498 149228 104831 204132 297034 236500 276238 79946 40096 118387 233141 291795 114717 279917 79362 318349 117249 133663 155084 79078 293548 55253 291004 62514 161690 216400 128648 48943 180768 218729 144278 50000 260886 326253 117190 107483 300397 53711 238118 154614 277117 299968 109053 69982 200802 237650 32551 273961 144555 182915 138337 54276 51642 154607 100489 101272 191128 93894 155301 18116 54985 80159 168592 116137 139674 93589 79358 206421 219160 119186 190160 144497 292506 127660 86302 99872 155261 300359 219624 115835 306285 147205 139531 123976 123155 311749 
260693 -1 315362 101345 318254 93207 147972 305621 209685 288617 332810 243543 18397 41169 88185 23610 51093 52255 88234 227384 257847 124403 128707 60847 209102 270063 198791 336745 295818 243662 55364 279762 70700 176899 203198 60420 180382 229130 331774 318712 66482 21695 93640 109346 53118 214835 203983 50517 254669 67303 94071 122752 335473 129617 88822 263728 162023 144501 290710 125351 197671 288148 39432 46466 207037 143363 338917 282645 269554 342484 224766 180175 336215 134786 244073 304630 48867 25901 223085 227990 231836 45705 80023 145693 332179 254368 111805 128262 90689 251165 332589 83072 337041 171661 269357 74224 318822 262139 307483 266117 256437 89590 47317 102177 44679 45633 247820 242836 6501 26264 292615 92612 229591 125832 155376 117610 310199 57045 74175 31680 58523 336585 277601 215998 34949 31527 221423 90266 332904 106097 168397 312395 132937 247499 103104 294129 79482 251906 140641 47441 191152 297953 108275 93212 149368 218446 69700 85984 341817 260932 87350 234894 66073 126356 17263 70284 189663 329742 62905 85747 232319 76598 128598 85987 131963 247393 282301 127608 166831 333140 120956 202328 155619 249528 280842 187140 110490 162148 223044 174491 242535 72918 45550 185617 70882 116752 32101 219047 310658 309089 126767 53928 108109 304218 67387 113568 333432 344217 164361 93336 
54851 315362 -1 251488 141327 273852 167896 36941 106353 66469 18971 73943 333728 284091 299623 298729 349668 313485 354756 120325 66137 249690 250031 300309 107396 141694 118600 34396 38518 122540 360949 52777 295213 138610 129160 345644 162788 112784 102068 107704 364610 305915 222113 389069 339741 102232 190888 350049 97384 253692 368383 196499 81070 197783 257917 155960 154562 172493 57035 194615 128682 142253 349595 289362 165604 201844 138273 79208 126380 103981 93599 155531 49740 188219 127745 52522 289661 334421 169901 123320 182976 311201 258827 170424 40970 95330 215088 238361 226086 66423 35930 356209 24192 148509 46005 342521 45057 57111 40311 149897 143002 370449 277703 258171 301681 271643 79027 89921 314566 321853 91266 313790 172673 206182 180866 203876 106564 258663 351411 290692 329034 38997 58428 159311 287298 346375 154419 330803 35766 372063 165449 140370 205033 112762 346776 48539 345127 96297 213255 271244 174629 43324 234324 272095 192586 102541 312854 380863 101584 134127 354419 98055 292398 208163 331856 352762 153021 16220 255653 291182 84106 327958 198645 237636 190782 92136 57427 205481 154639 84727 243273 136773 205379 66800 62125 131980 222596 166084 177754 145508 115172 259329 274009 167221 244940 198911 347102 167211 82366 101086 208725 355171 272077 123306 359502 201808 137102 109700 171309 365801 
200949 101345 251488 -1 297609 22397 107889 232500 157247 244864 270299 177799 116054 60469 48141 102858 152122 138951 184326 199051 207617 162197 166745 137518 158109 253850 134875 265213 223545 219081 123094 206315 46470 127153 124400 159180 166009 196926 296685 287097 167781 81147 79232 209681 151536 164246 209647 110652 219969 94351 117955 104698 293260 122568 130714 253224 103911 110507 213799 65210 123057 271026 117965 55936 199951 51987 314241 243212 247560 306319 158221 159826 284094 66651 221888 227562 118309 127244 219080 201443 233594 70623 22105 107705 278046 218674 42002 158446 58313 196273 260003 180566 275256 104554 207669 169203 243172 194494 233333 253182 241079 189336 102490 145428 124912 86939 174665 201425 96382 90506 257518 62447 226899 45976 145825 107346 279105 66104 171990 69947 83053 280895 229541 206500 67008 122480 209943 79324 260402 203573 86823 292177 46539 218864 193515 219155 174261 216242 153913 90543 187175 246692 131848 146815 60698 172999 63492 187305 305008 242012 183514 195588 136429 129961 117136 105701 103942 263342 88401 152893 168683 165251 121872 101615 64732 208653 206668 46349 135220 292420 154139 119547 165882 185442 204008 120810 122217 85405 222644 107478 214371 30865 92959 175955 76739 76143 123582 213638 271723 276312 131213 155246 160952 279209 114752 78946 309252 309563 81200 191483 
136789 318254 141327 297609 -1 318046 189864 174222 149972 80545 138618 159869 334434 302375 341129 295875 333530 293433 320897 98564 113069 208377 206010 278124 147862 48376 179123 173256 170631 78630 372660 175231 329536 172898 209623 323588 138773 101298 46515 34565 344763 318301 233563 353413 320214 142713 122310 364946 81663 251243 397654 201703 69912 190004 235036 57801 197114 188203 187572 232502 202125 30576 357511 312060 111828 262476 22885 71626 50302 53073 170179 141320 102901 232983 76383 189234 276359 328033 98459 96218 96928 334045 294104 190318 109081 83707 255612 199484 248679 128281 176394 325106 136835 203131 139437 313391 185707 159238 178280 53681 61920 339519 271591 226853 286899 273487 179493 103827 320339 334987 54509 355601 93915 254702 163544 204028 34804 271246 323704 305069 354439 115220 97417 102599 302531 348813 96952 368867 176139 333184 231351 5869 259018 79093 304921 180471 313888 85739 180036 271103 127837 100280 211879 240764 254491 130810 345511 355694 54739 57586 320921 106589 269401 191906 331011 376553 232145 152255 256383 258754 159434 296665 191007 232558 234308 95120 182823 255216 162942 64647 206832 220244 165649 153046 187195 191258 207801 225746 101405 200997 83381 290132 272767 132660 252824 223479 349118 101231 58988 40302 191487 339324 232692 21110 379174 222460 17632 49427 236522 331744 
223332 93207 273852 22397 318046 -1 128191 254538 179284 266807 292673 200189 105476 55383 25775 99799 144198 136948 179935 219589 229755 172095 176749 138005 180074 273598 157237 287280 245654 239426 105880 228398 27763 148766 146466 153187 184518 217803 318271 308412 159149 71706 93529 202544 145678 186225 226140 93341 241216 101648 96217 121754 315242 138729 138347 272331 125828 130141 235607 86365 145355 290980 102985 46892 218072 73557 335103 264901 267858 327997 180615 178973 306418 88649 242016 249313 119183 118701 237046 221829 250955 55238 27465 127751 300405 239990 63102 169646 73543 218549 282016 175433 297637 126897 230066 165161 265001 216838 255300 272566 260639 182752 104717 153578 123830 89523 196854 223054 87449 77437 278974 40056 244784 68301 163200 123256 300352 71429 166624 64002 64001 303276 251647 225019 61871 109641 228750 57011 282419 198572 108977 312549 68843 239591 191550 241101 170364 237542 167949 93486 204677 268950 143111 152911 82503 194723 43106 178445 326722 261961 179082 217033 138335 144694 107329 85541 125468 285637 95109 156297 191078 163425 137950 112208 86610 230137 228603 68725 155214 314325 164618 141285 180777 207838 225855 143184 135125 107779 240172 129830 235021 35490 95364 194030 85978 95098 110789 231722 293476 297673 145860 146610 167789 299959 95340 97102 330053 331155 103290 186031 
113063 147972 167896 107889 189864 128191 -1 161980 61760 143655 185024 98416 166251 120293 151628 130833 182370 147880 192132 91407 110384 105336 108051 136020 61130 146069 56766 191450 152008 111262 196378 137419 141260 29424 77398 179548 61806 89940 192076 181240 197673 140500 54366 225787 173217 66892 111285 186420 114139 86236 212294 31303 191810 42459 97879 146159 26631 8171 150491 43353 67647 163150 183716 127815 95879 80965 207056 139701 139721 202222 81433 53668 189054 46702 114000 163838 123179 166525 115028 93648 131132 150300 104917 3114 184612 113166 65992 95440 62205 103193 187897 192480 189168 42470 121980 178649 176383 117103 164428 145735 133466 206150 110211 103592 135139 103763 107419 98106 147643 157029 152430 166202 122933 67381 49339 40013 173015 92105 186716 125568 169930 188825 130919 101097 122386 179282 103762 180307 188162 210743 64731 184385 73866 111499 188340 152194 181919 110676 75743 103357 85866 150682 78551 115132 75611 71507 158023 214700 201155 134144 191667 91071 128922 56012 164197 193246 81212 182705 87823 132430 86758 165665 42767 71603 47150 104176 141489 68377 27507 190194 96506 83241 79990 103381 141145 50220 64178 55000 119909 43606 106879 101947 106143 72937 77199 34817 179949 109348 168396 170685 57250 187766 120754 171842 198063 35681 201958 204929 66697 202779 
58068 305621 36941 232500 174222 254538 161980 -1 104257 95250 51657 63639 323992 271371 280198 291090 343880 309845 353459 135454 80071 254408 255423 297710 106206 167851 107046 32788 9974 142640 347633 26301 277818 132875 108100 341515 170630 127126 137620 141710 359395 293981 214436 387399 335122 102537 206407 336176 118133 247950 350416 192571 117525 197363 257399 181057 143742 167932 22209 181270 110391 171255 337542 275263 180417 181147 173269 106882 152358 140285 81153 161785 86665 173292 148325 15660 285143 326522 188143 139106 203019 296334 242518 164844 77895 115709 199537 243116 215009 72954 27536 354153 56856 134382 48988 340331 15654 45137 4177 175392 166755 367980 271785 259849 297083 263866 58470 104366 304092 309213 121525 293892 192170 188834 184723 200731 139510 248585 348598 278769 312983 75556 82087 175616 275274 335832 171577 311439 27922 371635 145711 172628 186131 133031 347791 14338 343413 115962 218290 264017 186707 73953 235061 273086 172076 107275 295363 376640 137910 158572 353037 111085 290322 209150 322581 336533 129912 37766 248948 291623 75356 326778 198109 233518 176030 109300 26478 187817 154596 120915 247107 113681 212708 59744 30200 118528 222091 148346 196224 131466 134273 244228 266953 177187 236858 189185 336649 184576 115988 134016 209929 349158 275159 155001 344172 192994 171665 145958 151300 364267 
51520 209685 106353 157247 149972 179284 61760 104257 -1 87695 123283 42003 227986 180505 204412 192490 243353 207576 249985 59561 50691 150719 152015 194777 3015 115675 29396 131614 94401 78402 257157 82225 196843 33000 62079 239631 71567 52856 140730 132844 258377 201502 116121 284129 233601 7376 117348 246797 68323 147340 269530 90259 136024 93264 153483 122006 53541 66140 97028 94128 53220 129236 244971 186999 92748 114980 162755 87090 104116 149887 32924 61329 128877 90637 83488 109049 183483 228180 107436 63594 124906 209327 159856 64181 123837 66362 116752 139513 122015 41606 128640 251024 127408 54727 60688 237250 119481 59362 107250 118984 106519 265083 171352 155594 195502 165485 58249 46690 209224 217825 102739 219030 114109 111556 81317 97870 125454 153474 245867 186405 228253 127706 72422 92110 183118 240932 90914 234715 128856 267865 81766 145312 113680 73432 243651 96698 240107 64255 115046 164982 92908 90670 130848 168884 106382 19449 214239 274861 148435 102956 249598 43461 187098 104895 225956 251886 82731 121452 149344 187529 30970 223219 94040 131457 92702 55097 87921 111527 50339 135287 143158 72626 111212 44525 88942 41376 118085 77142 114962 52223 70496 158709 167719 80708 138958 94333 241614 102222 115104 121896 105672 248839 170980 129551 257557 96550 158322 153509 87166 260908 
58207 288617 66469 244864 80545 266807 143655 95250 87695 -1 70883 83420 306423 263835 291760 268907 315300 276611 313275 66948 38934 202323 201701 262183 86755 75305 113303 100712 90724 61495 339334 94688 283433 118492 138804 308712 115894 62092 55084 51812 328984 283396 196061 347513 303729 80623 131736 329746 38565 222502 355504 165867 48481 161146 218044 89783 140982 145311 107185 181027 133290 76310 325968 271460 108426 201931 84570 12932 60111 63105 97516 111949 51514 178216 65737 109710 254955 303943 108509 68451 119542 293942 246518 145282 51141 37609 203992 191379 205851 53388 102354 315840 71555 141940 59442 302649 108093 79684 99399 83630 77590 330423 245757 214931 266702 243106 101415 45852 289138 300091 26437 306403 109957 199246 138654 171320 47075 234761 312298 268715 313463 57468 18204 100597 265638 320141 94925 321773 102207 328976 167188 78242 201254 52417 302080 100311 304474 39659 167037 241777 120559 23223 193563 229379 193075 72609 300626 343341 61427 68451 313072 53734 253700 168501 303803 336861 162971 80636 226002 248674 85915 286895 162134 204543 180201 41608 102280 199221 121826 47594 197429 148995 156228 75756 106652 127107 184434 163870 115881 139263 56249 244670 244134 116692 218220 178285 320689 106870 28709 41915 168681 321041 226287 60351 341696 179296 81584 67337 172903 324458 
72150 332810 18971 270299 138618 292673 185024 51657 123283 70883 -1 92599 351147 302127 318439 315762 366170 329504 370018 131186 79616 263339 263437 316078 124107 145439 136984 35581 55442 130746 378993 70888 313855 155914 148131 361725 175979 124201 95944 104164 380943 323788 239358 404377 355963 118684 200430 368191 105984 270405 387041 213010 73099 213365 273226 160243 172646 189294 73261 212916 147585 143623 367435 307602 175796 220776 132552 83780 130593 95934 112250 169386 38866 206731 135544 66385 305969 351448 178277 133796 190165 329526 277385 187464 30753 104225 233620 252057 243962 82366 40028 371692 5385 167043 63825 358071 55410 76038 54226 153990 148460 386024 294389 272805 317980 288767 97969 102025 332160 339825 92847 332633 180309 224905 195268 220153 104534 276282 367121 308585 347498 26196 67499 168856 305214 363938 163601 349601 39659 387026 184369 138449 223874 121133 361338 64817 360533 105560 227006 288248 185962 48366 249362 286890 211517 117795 331493 396908 93518 139286 369708 110479 308041 223268 349184 371232 171981 15626 272581 306082 102478 343247 214254 254008 209269 102880 74864 224231 170457 77506 257263 155725 218351 85259 79421 150506 238060 184894 185901 164043 124137 277743 290968 179532 262198 216633 364646 176095 80261 99239 223761 371719 286190 122363 377849 219352 132121 101682 190234 381112 
26286 243543 73943 177799 159869 200189 98416 63639 42003 83420 92599 -1 261939 210878 225938 228194 280580 246238 289851 88353 46802 192655 193998 234072 44390 136374 45056 93364 53666 102500 287645 40307 221277 69241 58413 277963 112411 80019 138155 134875 296001 233031 151388 323768 271623 42134 154781 276573 83307 184530 294455 128932 126568 134134 193962 146219 81641 104294 55028 121003 55846 145982 276725 215761 129113 129009 167353 88950 122189 145214 19657 102585 109214 114319 108303 67168 221595 263761 141048 92520 157815 237464 184891 101253 102183 80749 141169 181472 153386 31608 89568 290516 97492 74608 30510 276694 78376 18722 66262 141834 130529 304343 208431 196898 233554 200964 20924 62063 242358 248726 106395 240195 146716 132311 123320 137107 129207 186547 284965 217786 255145 104190 65222 126553 214346 274179 123980 257065 89846 308090 92574 156315 131479 94566 284481 54923 279788 79655 157049 200955 131928 75202 171949 209911 119752 50685 238917 313115 143276 124529 289425 64900 226697 146240 260327 278867 83067 86950 185725 228290 11724 263190 134850 169900 116904 70229 45931 131655 91863 127491 185003 67701 152992 8268 47140 58100 158743 92439 149015 71607 93603 185501 203850 120650 173995 126796 274952 136434 111901 124465 147083 285909 212601 138768 285721 130250 163910 149932 98484 300644 
279041 18397 333728 116054 334434 105476 166251 323992 227986 306423 351147 261939 -1 57266 96517 38566 41048 56416 82807 244642 275983 136652 140737 68339 227377 286140 217181 355137 314194 260566 43134 298115 80545 195233 221278 54001 197156 246600 348973 335726 54410 34936 111894 98853 47822 233086 218584 42188 272143 84394 88178 140619 353080 146753 102329 279338 180414 162660 309001 143562 215881 304188 26524 60164 222883 160184 355340 300259 286105 359720 243155 197354 354269 152865 260804 322929 60693 16957 238453 245133 246506 52914 95486 163942 350309 271897 129435 141556 109024 269438 350974 76655 355363 189972 287723 70503 337161 280535 325840 281933 272538 80405 62843 114586 53397 63323 266152 260691 20652 29732 309951 98352 244755 143249 172176 135207 327210 75430 67907 48094 59808 354759 295616 231957 51571 14431 237497 92617 351290 98837 186185 328568 150043 264649 100762 312465 75568 269444 155697 64743 206924 316040 123304 104145 166505 236546 75648 73298 359096 277296 81907 252690 75104 142772 4549 65181 207314 348127 80449 93814 250715 76860 145735 102935 150042 265108 300615 144973 184721 350672 134094 220215 170618 267922 299126 205497 126702 180129 238047 192811 259685 89067 62563 201960 89091 135148 14684 234597 328154 326217 143098 42154 118271 320815 59400 131947 349837 361350 182030 85861 
230146 41169 284091 60469 302375 55383 120293 271371 180505 263835 302127 210878 57266 -1 58531 44421 91667 81599 124961 207003 230378 128281 132957 83501 180373 255180 165823 303196 261750 225059 76867 245205 40082 147545 166270 98985 163775 207376 310629 298699 107401 23191 69110 149277 91371 186382 196420 66292 232561 58129 95516 100938 311785 112914 92078 250972 129529 118657 255222 90141 161723 273211 66207 12124 194291 102953 321739 259308 252438 321056 191562 161248 309055 98325 226385 269192 65249 66979 212043 208286 223381 31803 38886 118565 304294 231896 73350 128540 58493 222041 298686 120776 306629 137043 238306 110043 283897 229144 272935 252445 241632 129021 52651 107418 68745 39270 213022 218112 36798 37873 270985 68187 219249 86607 139460 98396 290275 31334 112071 9513 52281 308209 251171 202549 6621 66287 207335 73820 299029 143888 130192 296606 92989 227466 136168 259237 115212 229397 133653 43310 179141 270693 103691 103605 109449 191789 48894 126938 320147 244835 124123 210738 84801 113969 57660 74241 150914 297773 51439 103739 200117 108062 111941 74359 95539 223699 247121 88239 143132 309965 122262 164412 148131 217458 245301 153188 100321 124855 213479 139988 222570 31857 44219 171092 50085 86216 67263 207327 287874 288529 114789 94895 119053 286493 77959 84613 316382 323361 125739 131561 
248977 88185 299623 48141 341129 25775 151628 280198 204412 291760 318439 225938 96517 58531 -1 100592 137207 137305 176408 242939 254987 184662 189357 141176 205112 295959 182842 312953 271352 262521 87500 254085 18569 173443 172159 148327 205838 241534 342737 332549 150902 66868 112154 195355 141186 211274 245120 75237 265334 113458 71125 142221 340229 158111 149232 293976 150882 152927 261132 110854 171128 313543 88000 46920 238821 99100 358671 289532 290849 352578 206354 200978 331926 113870 264865 274797 123471 111798 257553 245007 270755 43611 47115 150945 325983 264191 87771 183610 93686 243990 307659 171108 323397 152478 255774 162354 290532 242612 280919 294520 282815 176547 111155 164648 125724 97241 222593 247644 81806 66835 303306 14654 265174 93899 183512 142631 324413 83298 162203 64702 44484 328910 276826 246164 63869 97415 250191 31258 308064 194002 134715 335563 94618 263115 190664 266710 167615 261726 184847 101321 224839 294350 157596 161821 108124 219457 22888 169532 351350 284569 175523 241414 143080 162600 99300 63077 150890 311407 106661 162209 216771 163259 157261 126820 111725 254547 254207 94391 178200 339208 177912 166811 198415 233568 251408 168818 151406 133544 260193 155423 258466 52333 102517 214849 100429 117652 98580 252375 318169 321875 163665 138665 177183 323428 73861 118946 353554 355623 129007 181129 
243890 23610 298729 102858 295875 99799 130833 291090 192490 268907 315762 228194 38566 44421 100592 -1 54445 37209 81483 206430 239441 100873 105211 41113 191673 247590 184054 321557 281190 222123 78873 265603 82120 160171 191810 57578 158680 208605 310677 297319 70634 36217 76830 108502 49981 197211 180637 74033 234133 46411 116667 103572 315203 108539 65213 240898 147473 126535 277286 113775 185370 265644 62709 54300 184368 138084 316776 262417 247556 321449 209944 159110 317345 124080 222298 291096 26045 35693 200096 206831 208522 62149 80753 128322 313658 233956 104048 104653 78478 233628 317681 77963 319822 158545 252804 66345 304784 246899 293182 243433 233984 87817 24292 78648 25204 27233 234054 223319 27935 47660 271777 107681 206492 118688 133724 97603 288803 45363 69588 36316 78497 318289 258622 193420 38009 52940 198944 108379 317974 100831 158939 290009 126855 226344 91751 280173 71409 231518 117454 27522 168423 279261 85048 70167 142890 199921 85529 89613 320858 238731 80677 215200 44675 104224 35313 92881 180651 313492 43278 64529 216742 63648 107524 64688 121298 227453 268648 120639 147566 312696 97346 192073 132413 233739 267516 173273 88137 151713 199866 161237 221381 72234 24897 163396 54233 102097 53246 196169 290143 287877 104540 59134 85311 282271 90738 98097 311272 323007 155520 88987 
294869 51093 349668 152122 333530 144198 182370 343880 243353 315300 366170 280580 41048 91667 137207 54445 -1 40098 43422 250428 288375 126798 130018 55420 242274 285290 237055 373795 333937 264098 74350 318688 120639 211783 246091 15967 201210 253705 353247 339026 16227 72495 129573 58423 14389 247533 213064 78439 278917 96138 123767 153188 360024 154362 99014 276587 200775 177252 330750 168150 239448 302959 60419 97553 222063 191590 355395 307704 287472 364135 262779 203590 365077 178513 263421 344481 60473 25579 235377 250229 240671 93628 130485 179661 362003 279053 158177 134498 132871 283805 370145 36629 370006 212432 304007 34134 357863 299300 346119 280004 271974 39388 72165 106825 48612 80902 287435 270470 56753 70677 315408 139399 240777 172722 177076 146071 330568 99764 28425 82176 100486 366971 306488 231434 85180 45756 237374 133246 370421 58000 213378 327684 180608 269502 64039 333347 38386 276698 153824 80196 206154 327493 123147 93377 196812 248989 116666 35568 363777 277876 42541 262081 64133 147002 37925 102489 235077 364789 94946 77232 268996 46469 153396 112186 175735 273700 322012 174633 196119 357094 127011 246496 167928 285744 321045 226794 130917 206144 233583 215065 264605 122865 77171 203808 107647 155687 44845 232317 334505 330254 146935 5814 104156 322034 94353 151320 349851 365133 209919 45044 
258915 52255 313485 138951 293433 136948 147880 309845 207576 276611 329504 246238 56416 81599 137305 37209 40098 -1 47465 211185 250958 87128 90549 15338 206276 245199 203937 338899 299871 224402 99125 285233 118958 177015 216500 32260 161813 214761 313524 299191 52438 71216 97962 78901 27218 211272 173098 98465 239802 63050 144142 117473 320763 116440 59200 236505 168590 142021 297985 140219 208945 262861 82702 91425 182002 169953 315312 268665 247492 324420 229198 164688 326825 151174 223600 311496 25340 41932 195291 210842 200776 96989 116911 145002 324051 240029 134753 94493 106035 247238 335555 45870 333163 181542 268222 32460 324252 264884 312308 239908 231895 58637 41229 66771 14660 54848 254694 232219 58573 78447 275931 143528 200729 149475 138032 109708 290749 76613 39109 73482 110768 329187 268441 191380 75216 68738 197336 142396 335806 67168 186539 287588 158320 230013 54712 299992 36876 237706 113806 52443 166112 289567 83550 53570 173699 211838 120902 67404 324102 237848 46782 223747 24035 108110 51868 120704 208351 328889 63962 39024 234546 26488 115511 76345 148531 235074 289071 151524 159050 317731 86984 218176 127843 250893 288464 194795 92294 178365 193560 183968 225142 108103 49387 164026 78380 124924 68391 192219 295166 290525 107938 45892 65400 282019 115731 119870 309767 325333 183848 56818 
300758 88234 354756 184326 320897 179935 192132 353459 249985 313275 370018 289851 82807 124961 176408 81483 43422 47465 -1 246626 290667 113255 115150 56369 248433 273613 248743 381596 343494 257531 117624 329412 158869 220727 262991 28809 197382 251207 345712 330685 38940 109756 144468 34374 35374 253055 198600 121824 275412 109575 167170 161061 355215 157043 96840 263128 214187 185692 342623 187399 255121 290525 103829 133192 212219 217321 343427 304294 278064 356593 273528 201962 364340 198415 255906 355938 72409 66011 222701 245702 224943 133466 162224 189146 362267 275950 182192 123275 153451 288334 378572 7378 373387 227678 310219 15232 368177 308338 356107 267323 260905 18993 88645 98347 62100 102206 299502 270372 94604 111466 309742 180142 226985 196921 175397 152755 322424 123827 15047 115989 142600 367732 306772 221571 118355 89104 227735 175401 378798 19709 233774 315167 205723 264189 22984 344197 10610 273756 146535 99897 196998 328024 120708 83898 221155 252320 157200 38148 356522 267861 900 261784 63216 146753 79012 145855 255564 370469 111090 64603 278128 26800 156205 120814 195798 272255 333616 198966 200272 351773 116560 265041 158752 294006 333255 240330 132187 225455 219508 230002 259492 153710 96830 197527 125663 171469 88219 220576 329456 322830 146280 45349 88677 311798 137764 166205 337919 356915 231186 11183 
78317 227384 120325 199051 98564 219589 91407 135454 59561 66948 131186 88353 244642 207003 242939 206430 250428 211185 246626 -1 55761 135377 134797 196481 56761 57634 88203 153249 127209 20463 280130 121689 231927 75482 121530 243071 49465 8509 104399 91771 263622 224647 137910 280795 238391 53599 71180 271448 28792 160249 301458 106224 109601 97902 152192 62548 99535 90212 137175 133940 112301 73207 265836 215978 45437 165205 115789 57704 48776 115100 89002 47324 118412 134658 24593 145702 190503 240700 53382 4201 69632 238281 196045 91994 117325 29382 157051 124435 151394 63530 152685 249366 133327 107404 86697 236310 150885 98505 139377 59890 47265 263974 182642 148304 202015 181794 108931 31189 228604 241454 65358 257474 58525 156348 73400 110073 83312 176461 246089 210644 258466 123295 63818 40166 207849 258718 36424 271176 152713 262119 136347 93170 161025 20471 235147 133568 237980 27290 100192 179991 54806 84418 127710 162779 157640 41056 248272 277394 114454 44953 246443 24622 187893 103500 241686 281166 141000 136447 164498 182036 81767 220379 98918 141752 135896 28330 129086 156932 64893 106700 130533 131997 89306 85421 131836 97987 119705 129661 61472 105645 15626 192482 182083 49767 158694 125427 259169 49345 84101 81827 103514 256213 159356 80501 284712 124829 110630 116907 141064 257807 
25809 257847 66137 207617 113069 229755 110384 80071 50691 38934 79616 46802 275983 230378 254987 239441 288375 250958 290667 55761 -1 183864 184081 237227 50324 92605 74623 97942 72311 63089 306729 69410 247532 83076 100056 283218 96716 47669 93878 88927 302805 250878 164312 325039 277682 44194 126940 296630 39803 193409 320175 135908 86196 134535 193986 104148 104188 113348 84332 144819 94363 100367 294076 237254 101123 163464 121052 42435 77654 102037 58929 89801 78692 141132 68890 91292 227948 274966 108077 59244 123050 259650 210545 112418 74333 37224 167404 172559 171934 15269 97082 292501 82767 103801 32294 278948 95347 48637 84079 99069 88977 306902 217213 193225 239909 212874 66663 24584 257809 267373 59816 269588 112150 161756 115670 142447 82822 202469 288144 235910 278742 78848 22008 95798 232697 289295 91581 285372 97127 307516 128413 109560 163262 53755 281732 79604 281288 36929 147479 211974 108987 40319 169961 207351 154525 39524 264919 318305 100340 81709 290373 32180 229063 143948 273686 302332 124101 82350 196173 226574 47493 263928 135456 176302 143264 29340 77162 161611 92277 85973 177679 110349 139275 40129 80671 88564 159022 125406 116155 101043 54483 209316 214544 101134 186975 144193 289922 104580 67544 78281 144392 294007 206590 91971 307781 145910 117423 106246 134164 301786 
198049 124403 249690 162197 208377 172095 105336 254408 150719 202323 263339 192655 136652 128281 184662 100873 126798 87128 113255 135377 183864 -1 4696 71934 148513 160675 158660 279378 244699 144775 179114 232934 167135 128064 182716 115660 87465 140821 232516 217438 136866 133496 85743 146771 112925 151881 86623 174899 163946 71215 216744 77567 242615 62886 36608 150830 131825 97243 247588 125011 172836 177866 162607 140380 98974 166774 230707 192594 164810 243387 179796 94159 253781 135169 142888 259768 76050 126134 109930 134010 113986 157007 145028 102307 252450 164729 134603 11344 106018 184249 277255 117008 266185 147589 207643 105034 269845 209957 257602 154699 147800 131541 79121 22227 83959 89347 206669 161639 128704 147719 197025 195948 114733 146085 69691 69295 209192 101556 115331 125633 176115 258248 197669 108318 124791 150764 114487 201911 277409 127393 165517 202591 155636 151880 99949 247411 105700 162668 36445 85465 83892 218816 31523 33579 165813 148086 177105 147320 243347 154628 113198 153074 63554 49343 132486 193111 184752 265811 78003 50447 181301 88344 62571 60583 133579 162298 238453 148047 101124 239018 9121 188418 46169 195004 239150 154891 44852 155628 107383 148895 147319 136611 85286 85647 86197 104399 150744 107515 216867 209672 48140 132489 24581 198631 191579 98508 225179 243666 165618 124311 
198790 128707 250031 166745 206010 176749 108051 255423 152015 201701 263437 193998 140737 132957 189357 105211 130018 90549 115150 134797 184081 4696 -1 75449 149747 158502 160749 280022 245758 143588 183300 234236 171830 130123 185356 118553 87459 140459 230916 215735 139742 138032 90028 148391 116042 152958 83962 179217 163239 75909 221221 80869 241423 65607 41204 148354 134614 99922 248986 128824 175398 175548 166770 145058 97345 170742 228430 191774 163028 241770 181496 94581 253197 138880 141527 261042 80220 129969 107639 133292 111089 161621 149663 105051 252026 164092 138805 12764 110401 184854 278000 119133 266202 150414 208375 107421 270903 211135 258665 152356 145755 133603 83644 26593 87862 93998 208354 161578 133075 152170 195805 200640 112211 150141 70763 72745 207535 106246 117763 130268 180687 257885 197460 106635 129444 154798 112823 206570 278147 128780 168850 200245 159666 150898 101078 248655 107886 162072 37138 90107 82546 218553 35711 37168 169637 148793 181773 149747 241774 152761 115127 153042 67186 52058 136540 197569 187883 266183 82699 53228 182717 90671 65350 65134 137340 161983 239859 152091 102761 237753 13003 191241 45497 196162 240644 157336 48650 158942 104807 151651 146400 141262 89900 85030 90831 108204 154759 105427 215695 208130 50804 135677 26691 196651 195940 102348 222910 241944 169066 126138 
245922 60847 300309 137518 278124 138005 136020 297710 194777 262183 316078 234072 68339 83501 141176 41113 55420 15338 56369 196481 237227 71934 75449 -1 193365 229905 192510 326318 287737 209413 111460 273417 122622 164849 206743 46590 147050 200230 298501 284099 67303 77212 88370 89767 42257 198210 157773 109626 225157 53690 154580 105141 306006 102737 44302 221171 157819 129786 286472 131898 198787 247551 94863 94404 166748 164281 300028 254050 232304 309400 217453 150234 312604 143013 208529 299856 19217 55401 179959 196052 185467 103199 115842 133067 309985 225435 128747 79164 98916 233952 323123 56465 319646 171344 255298 42635 312298 252642 300277 224586 216618 70323 35546 51434 16269 50851 243289 218062 66687 86944 261062 148727 185392 143320 123532 97047 275667 72609 51112 76485 118785 315203 254362 176132 77570 81548 182104 149341 323362 75542 178281 272280 152493 215152 57726 288197 45985 223132 98608 47612 150879 275535 68771 38354 167307 198302 126642 81232 309106 222621 55847 209553 8737 93791 63863 130878 199994 315837 56020 25475 222355 30851 101836 64523 140469 220709 277493 145404 145689 302918 71649 209014 112565 238466 277056 183969 78243 169721 178224 173652 210298 106786 44888 149000 70803 115330 81327 176904 280372 275501 93544 61206 50819 266800 126880 109973 294483 310260 175975 66812 
52654 209102 107396 158109 147862 180074 61130 106206 3015 86755 124107 44390 227377 180373 205112 191673 242274 206276 248433 56761 50324 148513 149747 193365 -1 113081 31853 133183 96387 75751 256937 84508 197293 32847 64801 238374 68779 50177 139398 131243 257228 201212 115484 282614 232398 6168 114361 246663 66265 146346 269863 89106 135169 91566 151833 119250 54249 65189 99409 94614 55805 126806 244617 187034 89737 116473 160922 85736 101682 148665 35880 58608 128788 91462 80785 111296 182297 227353 104430 60771 121903 209400 160311 63457 123921 64362 117384 137283 121883 42063 130320 249548 128150 56241 61950 235789 121500 61459 109260 116288 103796 263648 170348 153701 194317 164728 61024 44916 208734 217591 101162 219742 111113 112539 79007 96578 123771 153060 244469 186150 228432 127919 71857 89099 182886 240402 87921 235309 130527 266230 83651 143150 114897 70961 241873 98910 238596 62210 112730 164154 89970 90496 129037 167075 107957 17101 214645 273603 147249 100351 248055 41280 185628 103021 225294 252036 85163 122636 148476 185788 33549 221654 92359 130266 93465 53186 90320 112564 48483 134321 141026 75316 108666 46546 91433 43397 116418 78761 111950 53819 67932 158995 166864 77826 138305 94161 241073 99211 113913 120301 103771 247782 168960 127528 257583 96200 156440 152205 88983 259380 
118412 270063 141694 253850 48376 273598 146069 167851 115675 75305 145439 136374 286140 255180 295959 247590 285290 245199 273613 57634 92605 160675 158502 229905 113081 -1 144906 176001 161794 37483 324622 161561 283624 132911 177645 275539 91416 63025 76554 60556 296690 270554 186749 306502 272048 109025 75637 317094 53243 203183 350634 155034 93443 142424 186694 15204 156790 143477 175973 189320 168882 18107 309370 265147 63453 222426 70150 62489 15499 86812 141841 95049 117927 191014 33085 181131 227984 279658 50948 54261 53090 286936 248844 146148 121067 55836 212048 151507 202757 106099 177488 277622 145447 165035 124080 265696 181773 141203 172026 8839 13636 292104 223301 178724 238541 225470 157226 74546 272247 287185 53352 310289 47541 212557 115873 156796 53488 223934 275970 257551 307382 127751 85785 54231 255097 300530 48649 322955 177358 286472 193979 42508 217751 42726 258315 170345 266347 56751 131687 223012 79462 98528 163503 192734 215038 96340 299231 307946 87388 12753 273606 73722 221176 143773 282692 329218 198088 155908 208438 210919 132686 249019 143416 184528 192051 66160 169362 213277 118639 88624 158792 188243 117367 131214 173072 155354 159577 187253 55044 163277 45196 244377 224622 84626 205378 178541 300824 53190 70830 56106 143317 291089 185123 38917 331537 177013 64608 85784 198692 284548 
66179 198791 118600 134875 179123 157237 56766 107046 29396 113303 136984 45056 217181 165823 182842 184054 237055 203937 248743 88203 74623 158660 160749 192510 31853 144906 -1 137959 97166 107523 242601 81633 177184 30632 33694 235237 90292 81933 167620 160737 252689 187993 107499 282239 228669 36480 139790 231565 97468 141431 250368 88061 160777 96792 154535 150749 36769 63814 94048 76032 24102 158626 231683 170799 116808 88909 191294 114350 133504 176284 25976 79506 149287 69842 112464 107600 178938 219477 133088 92109 150661 192601 140521 59820 143171 95422 96738 147986 108423 61911 133824 248917 141704 30378 73397 235092 120813 63443 109136 147962 135409 262426 165095 159468 190782 156836 50783 75438 197473 203670 130654 197286 140198 88947 92756 96713 153624 141752 242938 172747 210519 146077 96566 117597 169302 229279 117225 213748 134133 267449 53916 174540 89379 102802 245079 96301 238471 93390 125260 157047 114087 112276 134288 171523 79920 48843 194798 270222 174680 132167 248263 72784 185565 109923 215670 234254 53336 131972 142116 189097 34509 222353 97331 127990 72333 84045 85151 88529 59301 160592 150275 43932 124775 51802 84557 14140 120242 50909 140202 27420 99778 140760 160005 100898 129828 82169 230066 127616 141543 149804 110982 242277 176186 158561 240904 85957 186994 180238 59603 259317 
81432 336745 34396 265213 173256 287280 191450 32788 131614 100712 35581 93364 355137 303196 312953 321557 373795 338899 381596 153249 97942 279378 280022 326318 133183 176001 137959 -1 41743 156572 379660 58900 310419 162072 140820 370809 193480 145421 131401 139012 389121 325656 244744 415741 364595 128753 224220 368302 131406 277678 383101 221426 108677 224728 285009 190327 174723 196917 53536 213056 142824 176051 369291 307375 198675 213920 168005 113516 160723 131512 111990 185510 74376 205384 161864 41761 314495 357124 203760 156443 217137 328604 274957 194204 66333 129279 231799 268035 246332 95172 6440 382620 38934 166161 71842 368836 26384 74673 32555 184246 177395 396639 301630 286421 326488 294328 90838 122343 335414 341065 124981 326668 206743 221344 209904 229301 138787 279710 377375 310422 345445 61576 92590 192734 306945 367209 188018 344199 5941 399407 178401 172755 218802 146782 374854 46706 371719 130123 242975 294299 206927 77500 262022 300025 204837 131298 327983 406013 129096 168523 381211 130121 318695 235899 353594 369032 162693 21001 279020 318866 104844 354825 225530 262593 208095 125366 59130 220364 181546 113051 272536 146468 236056 88076 62524 150052 249590 180829 211671 163211 149001 276483 297183 198757 267359 220053 368003 200893 114422 133386 236576 379158 301055 156149 376549 223597 167438 137258 184017 392522 
49232 295818 38518 223545 170631 245654 152008 9974 94401 90724 55442 53666 314194 261750 271352 281190 333937 299871 343494 127209 72311 244699 245758 287737 96387 161794 97166 41743 -1 135265 338097 17316 268684 122901 99193 331546 161288 118813 135896 138891 349442 284312 204513 377429 325158 92819 197934 326685 111108 237992 341401 182598 116867 187450 247462 174642 133888 157959 18699 171623 101084 166071 327899 265762 171911 172391 170943 101809 146339 139309 71246 152317 87716 163771 141013 19338 275174 316640 180183 130947 195354 286921 233222 154871 79002 108630 190113 233419 205237 64180 36942 344181 60800 124720 40512 330359 25147 35192 12907 169111 160063 358006 261834 249981 287116 253963 49098 96286 294330 299604 117152 285131 184432 179601 175028 190762 136136 238776 338623 269091 303708 77478 76374 167364 265601 326084 163487 302606 37293 361682 136723 168734 177102 125763 337876 10379 333445 108728 208634 254097 177800 70593 225168 263187 163271 97887 286253 366673 136973 152101 343071 102703 280354 199280 312759 327290 121481 43158 239010 281702 65384 316817 188192 223544 166496 101647 19536 178622 144733 119905 237350 105183 203238 49875 23995 108781 212164 139086 188278 121791 126756 234803 257028 168051 226957 179324 326896 176472 113159 130674 200068 339220 265346 150945 334831 183098 169042 144901 142368 354299 
