NAME : kroB100_Li
TYPE : BWTSP
DIMENSION : 100
EDGE_WEIGHT_TYPE : EXPLICIT
EDGE_WEIGHT_FORMAT : FULL_MATRIX
EDGE_WEIGHT_SECTION
-1 260693 54851 200949 136789 223332 113063 58068 51520 58207 72150 26286 279041 230146 248977 243890 294869 258915 300758 78317 25809 198049 198790 245922 52654 118412 66179 81432 49232 88146 306999 43972 243288 83830 84398 291025 112945 69855 112395 109994 309867 251690 167326 335002 285051 47725 148758 296302 65540 198857 316446 141739 100290 143723 203998 129884 100848 117655 59208 141433 80965 125822 295318 235879 122726 153485 142698 65192 103423 119165 43855 104484 83860 135907 93999 67408 234946 279583 131572 82165 147216 257943 206531 115577 77291 62950 162773 186711 171882 14950 79212 302011 76521 96555 9596 288276 73711 22948 61782 124857 
260693 -1 315362 101345 318254 93207 147972 305621 209685 288617 332810 243543 18397 41169 88185 23610 51093 52255 88234 227384 257847 124403 128707 60847 209102 270063 198791 336745 295818 243662 55364 279762 70700 176899 203198 60420 180382 229130 331774 318712 66482 21695 93640 109346 53118 214835 203983 50517 254669 67303 94071 122752 335473 129617 88822 263728 162023 144501 290710 125351 197671 288148 39432 46466 207037 143363 338917 282645 269554 342484 224766 180175 336215 134786 244073 304630 48867 25901 223085 227990 231836 45705 80023 145693 332179 254368 111805 128262 90689 251165 332589 83072 337041 171661 269357 74224 318822 262139 307483 266117 
54851 315362 -1 251488 141327 273852 167896 36941 106353 66469 18971 73943 333728 284091 299623 298729 349668 313485 354756 120325 66137 249690 250031 300309 107396 141694 118600 34396 38518 122540 360949 52777 295213 138610 129160 345644 162788 112784 102068 107704 364610 305915 222113 389069 339741 102232 190888 350049 97384 253692 368383 196499 81070 197783 257917 155960 154562 172493 57035 194615 128682 142253 349595 289362 165604 201844 138273 79208 126380 103981 93599 155531 49740 188219 127745 52522 289661 334421 169901 123320 182976 311201 258827 170424 40970 95330 215088 238361 226086 66423 35930 356209 24192 148509 46005 342521 45057 57111 40311 149897 
200949 101345 251488 -1 297609 22397 107889 232500 157247 244864 270299 177799 116054 60469 48141 102858 152122 138951 184326 199051 207617 162197 166745 137518 158109 253850 134875 265213 223545 219081 123094 206315 46470 127153 124400 159180 166009 196926 296685 287097 167781 81147 79232 209681 151536 164246 209647 110652 219969 94351 117955 104698 293260 122568 130714 253224 103911 110507 213799 65210 123057 271026 117965 55936 199951 51987 314241 243212 247560 306319 158221 159826 284094 66651 221888 227562 118309 127244 219080 201443 233594 70623 22105 107705 278046 218674 42002 158446 58313 196273 260003 180566 275256 104554 207669 169203 243172 194494 233333 253182 
136789 318254 141327 297609 -1 318046 189864 174222 149972 80545 138618 159869 334434 302375 341129 295875 333530 293433 320897 98564 113069 208377 206010 278124 147862 48376 179123 173256 170631 78630 372660 175231 329536 172898 209623 323588 138773 101298 46515 34565 344763 318301 233563 353413 320214 142713 122310 364946 81663 251243 397654 201703 69912 190004 235036 57801 197114 188203 187572 232502 202125 30576 357511 312060 111828 262476 22885 71626 50302 53073 170179 141320 102901 232983 76383 189234 276359 328033 98459 96218 96928 334045 294104 190318 109081 83707 255612 199484 248679 128281 176394 325106 136835 203131 139437 313391 185707 159238 178280 53681 
223332 93207 273852 22397 318046 -1 128191 254538 179284 266807 292673 200189 105476 55383 25775 99799 144198 136948 179935 219589 229755 172095 176749 138005 180074 273598 157237 287280 245654 239426 105880 228398 27763 148766 146466 153187 184518 217803 318271 308412 159149 71706 93529 202544 145678 186225 226140 93341 241216 101648 96217 121754 315242 138729 138347 272331 125828 130141 235607 86365 145355 290980 102985 46892 218072 73557 335103 264901 267858 327997 180615 178973 306418 88649 242016 249313 119183 118701 237046 221829 250955 55238 27465 127751 300405 239990 63102 169646 73543 218549 282016 175433 297637 126897 230066 165161 265001 216838 255300 272566 
113063 147972 167896 107889 189864 128191 -1 161980 61760 143655 185024 98416 166251 120293 151628 130833 182370 147880 192132 91407 110384 105336 108051 136020 61130 146069 56766 191450 152008 111262 196378 137419 141260 29424 77398 179548 61806 89940 192076 181240 197673 140500 54366 225787 173217 66892 111285 186420 114139 86236 212294 31303 191810 42459 97879 146159 26631 8171 150491 43353 67647 163150 183716 127815 95879 80965 207056 139701 139721 202222 81433 53668 189054 46702 114000 163838 123179 166525 115028 93648 131132 150300 104917 3114 184612 113166 65992 95440 62205 103193 187897 192480 189168 42470 121980 178649 176383 117103 164428 145735 
58068 305621 36941 232500 174222 254538 161980 -1 104257 95250 51657 63639 323992 271371 280198 291090 343880 309845 353459 135454 80071 254408 255423 297710 106206 167851 107046 32788 9974 142640 347633 26301 277818 132875 108100 341515 170630 127126 137620 141710 359395 293981 214436 387399 335122 102537 206407 336176 118133 247950 350416 192571 117525 197363 257399 181057 143742 167932 22209 181270 110391 171255 337542 275263 180417 181147 173269 106882 152358 140285 81153 161785 86665 173292 148325 15660 285143 326522 188143 139106 203019 296334 242518 164844 77895 115709 199537 243116 215009 72954 27536 354153 56856 134382 48988 340331 15654 45137 4177 175392 
51520 209685 106353 157247 149972 179284 61760 104257 -1 87695 123283 42003 227986 180505 204412 192490 243353 207576 249985 59561 50691 150719 152015 194777 3015 115675 29396 131614 94401 78402 257157 82225 196843 33000 62079 239631 71567 52856 140730 132844 258377 201502 116121 284129 233601 7376 117348 246797 68323 147340 269530 90259 136024 93264 153483 122006 53541 66140 97028 94128 53220 129236 244971 186999 92748 114980 162755 87090 104116 149887 32924 61329 128877 90637 83488 109049 183483 228180 107436 63594 124906 209327 159856 64181 123837 66362 116752 139513 122015 41606 128640 251024 127408 54727 60688 237250 119481 59362 107250 118984 
58207 288617 66469 244864 80545 266807 143655 95250 87695 -1 70883 83420 306423 263835 291760 268907 315300 276611 313275 66948 38934 202323 201701 262183 86755 75305 113303 100712 90724 61495 339334 94688 283433 118492 138804 308712 115894 62092 55084 51812 328984 283396 196061 347513 303729 80623 131736 329746 38565 222502 355504 165867 48481 161146 218044 89783 140982 145311 107185 181027 133290 76310 325968 271460 108426 201931 84570 12932 60111 63105 97516 111949 51514 178216 65737 109710 254955 303943 108509 68451 119542 293942 246518 145282 51141 37609 203992 191379 205851 53388 102354 315840 71555 141940 59442 302649 108093 79684 99399 83630 
72150 332810 18971 270299 138618 292673 185024 51657 123283 70883 -1 92599 351147 302127 318439 315762 366170 329504 370018 131186 79616 263339 263437 316078 124107 145439 136984 35581 55442 130746 378993 70888 313855 155914 148131 361725 175979 124201 95944 104164 380943 323788 239358 404377 355963 118684 200430 368191 105984 270405 387041 213010 73099 213365 273226 160243 172646 189294 73261 212916 147585 143623 367435 307602 175796 220776 132552 83780 130593 95934 112250 169386 38866 206731 135544 66385 305969 351448 178277 133796 190165 329526 277385 187464 30753 104225 233620 252057 243962 82366 40028 371692 5385 167043 63825 358071 55410 76038 54226 153990 
26286 243543 73943 177799 159869 200189 98416 63639 42003 83420 92599 -1 261939 210878 225938 228194 280580 246238 289851 88353 46802 192655 193998 234072 44390 136374 45056 93364 53666 102500 287645 40307 221277 69241 58413 277963 112411 80019 138155 134875 296001 233031 151388 323768 271623 42134 154781 276573 83307 184530 294455 128932 126568 134134 193962 146219 81641 104294 55028 121003 55846 145982 276725 215761 129113 129009 167353 88950 122189 145214 19657 102585 109214 114319 108303 67168 221595 263761 141048 92520 157815 237464 184891 101253 102183 80749 141169 181472 153386 31608 89568 290516 97492 74608 30510 276694 78376 18722 66262 141834 
279041 18397 333728 116054 334434 105476 166251 323992 227986 306423 351147 261939 -1 57266 96517 38566 41048 56416 82807 244642 275983 136652 140737 68339 227377 286140 217181 355137 314194 260566 43134 298115 80545 195233 221278 54001 197156 246600 348973 335726 54410 34936 111894 98853 47822 233086 218584 42188 272143 84394 88178 140619 353080 146753 102329 279338 180414 162660 309001 143562 215881 304188 26524 60164 222883 160184 355340 300259 286105 359720 243155 197354 354269 152865 260804 322929 60693 16957 238453 245133 246506 52914 95486 163942 350309 271897 129435 141556 109024 269438 350974 76655 355363 189972 287723 70503 337161 280535 325840 281933 
230146 41169 284091 60469 302375 55383 120293 271371 180505 263835 302127 210878 57266 -1 58531 44421 91667 81599 124961 207003 230378 128281 132957 83501 180373 255180 165823 303196 261750 225059 76867 245205 40082 147545 166270 98985 163775 207376 310629 298699 107401 23191 69110 149277 91371 186382 196420 66292 232561 58129 95516 100938 311785 112914 92078 250972 129529 118657 255222 90141 161723 273211 66207 12124 194291 102953 321739 259308 252438 321056 191562 161248 309055 98325 226385 269192 65249 66979 212043 208286 223381 31803 38886 118565 304294 231896 73350 128540 58493 222041 298686 120776 306629 137043 238306 110043 283897 229144 272935 252445 
248977 88185 299623 48141 341129 25775 151628 280198 204412 291760 318439 225938 96517 58531 -1 100592 137207 137305 176408 242939 254987 184662 189357 141176 205112 295959 182842 312953 271352 262521 87500 254085 18569 173443 172159 148327 205838 241534 342737 332549 150902 66868 112154 195355 141186 211274 245120 75237 265334 113458 71125 142221 340229 158111 149232 293976 150882 152927 261132 110854 171128 313543 88000 46920 238821 99100 358671 289532 290849 352578 206354 200978 331926 113870 264865 274797 123471 111798 257553 245007 270755 43611 47115 150945 325983 264191 87771 183610 93686 243990 307659 171108 323397 152478 255774 162354 290532 242612 280919 294520 
243890 23610 298729 102858 295875 99799 130833 291090 192490 268907 315762 228194 38566 44421 100592 -1 54445 37209 81483 206430 239441 100873 105211 41113 191673 247590 184054 321557 281190 222123 78873 265603 82120 160171 191810 57578 158680 208605 310677 297319 70634 36217 76830 108502 49981 197211 180637 74033 234133 46411 116667 103572 315203 108539 65213 240898 147473 126535 277286 113775 185370 265644 62709 54300 184368 138084 316776 262417 247556 321449 209944 159110 317345 124080 222298 291096 26045 35693 200096 206831 208522 62149 80753 128322 313658 233956 104048 104653 78478 233628 317681 77963 319822 158545 252804 66345 304784 246899 293182 243433 
294869 51093 349668 152122 333530 144198 182370 343880 243353 315300 366170 280580 41048 91667 137207 54445 -1 40098 43422 250428 288375 126798 130018 55420 242274 285290 237055 373795 333937 264098 74350 318688 120639 211783 246091 15967 201210 253705 353247 339026 16227 72495 129573 58423 14389 247533 213064 78439 278917 96138 123767 153188 360024 154362 99014 276587 200775 177252 330750 168150 239448 302959 60419 97553 222063 191590 355395 307704 287472 364135 262779 203590 365077 178513 263421 344481 60473 25579 235377 250229 240671 93628 130485 179661 362003 279053 158177 134498 132871 283805 370145 36629 370006 212432 304007 34134 357863 299300 346119 280004 
258915 52255 313485 138951 293433 136948 147880 309845 207576 276611 329504 246238 56416 81599 137305 37209 40098 -1 47465 211185 250958 87128 90549 15338 206276 245199 203937 338899 299871 224402 99125 285233 118958 177015 216500 32260 161813 214761 313524 299191 52438 71216 97962 78901 27218 211272 173098 98465 239802 63050 144142 117473 320763 116440 59200 236505 168590 142021 297985 140219 208945 262861 82702 91425 182002 169953 315312 268665 247492 324420 229198 164688 326825 151174 223600 311496 25340 41932 195291 210842 200776 96989 116911 145002 324051 240029 134753 94493 106035 247238 335555 45870 333163 181542 268222 32460 324252 264884 312308 239908 
300758 88234 354756 184326 320897 179935 192132 353459 249985 313275 370018 289851 82807 124961 176408 81483 43422 47465 -1 246626 290667 113255 115150 56369 248433 273613 248743 381596 343494 257531 117624 329412 158869 220727 262991 28809 197382 251207 345712 330685 38940 109756 144468 34374 35374 253055 198600 121824 275412 109575 167170 161061 355215 157043 96840 263128 214187 185692 342623 187399 255121 290525 103829 133192 212219 217321 343427 304294 278064 356593 273528 201962 364340 198415 255906 355938 72409 66011 222701 245702 224943 133466 162224 189146 362267 275950 182192 123275 153451 288334 378572 7378 373387 227678 310219 15232 368177 308338 356107 267323 
78317 227384 120325 199051 98564 219589 91407 135454 59561 66948 131186 88353 244642 207003 242939 206430 250428 211185 246626 -1 55761 135377 134797 196481 56761 57634 88203 153249 127209 20463 280130 121689 231927 75482 121530 243071 49465 8509 104399 91771 263622 224647 137910 280795 238391 53599 71180 271448 28792 160249 301458 106224 109601 97902 152192 62548 99535 90212 137175 133940 112301 73207 265836 215978 45437 165205 115789 57704 48776 115100 89002 47324 118412 134658 24593 145702 190503 240700 53382 4201 69632 238281 196045 91994 117325 29382 157051 124435 151394 63530 152685 249366 133327 107404 86697 236310 150885 98505 139377 59890 
25809 257847 66137 207617 113069 229755 110384 80071 50691 38934 79616 46802 275983 230378 254987 239441 288375 250958 290667 55761 -1 183864 184081 237227 50324 92605 74623 97942 72311 63089 306729 69410 247532 83076 100056 283218 96716 47669 93878 88927 302805 250878 164312 325039 277682 44194 126940 296630 39803 193409 320175 135908 86196 134535 193986 104148 104188 113348 84332 144819 94363 100367 294076 237254 101123 163464 121052 42435 77654 102037 58929 89801 78692 141132 68890 91292 227948 274966 108077 59244 123050 259650 210545 112418 74333 37224 167404 172559 171934 15269 97082 292501 82767 103801 32294 278948 95347 48637 84079 99069 
198049 124403 249690 162197 208377 172095 105336 254408 150719 202323 263339 192655 136652 128281 184662 100873 126798 87128 113255 135377 183864 -1 4696 71934 148513 160675 158660 279378 244699 144775 179114 232934 167135 128064 182716 115660 87465 140821 232516 217438 136866 133496 85743 146771 112925 151881 86623 174899 163946 71215 216744 77567 242615 62886 36608 150830 131825 97243 247588 125011 172836 177866 162607 140380 98974 166774 230707 192594 164810 243387 179796 94159 253781 135169 142888 259768 76050 126134 109930 134010 113986 157007 145028 102307 252450 164729 134603 11344 106018 184249 277255 117008 266185 147589 207643 105034 269845 209957 257602 154699 
198790 128707 250031 166745 206010 176749 108051 255423 152015 201701 263437 193998 140737 132957 189357 105211 130018 90549 115150 134797 184081 4696 -1 75449 149747 158502 160749 280022 245758 143588 183300 234236 171830 130123 185356 118553 87459 140459 230916 215735 139742 138032 90028 148391 116042 152958 83962 179217 163239 75909 221221 80869 241423 65607 41204 148354 134614 99922 248986 128824 175398 175548 166770 145058 97345 170742 228430 191774 163028 241770 181496 94581 253197 138880 141527 261042 80220 129969 107639 133292 111089 161621 149663 105051 252026 164092 138805 12764 110401 184854 278000 119133 266202 150414 208375 107421 270903 211135 258665 152356 
245922 60847 300309 137518 278124 138005 136020 297710 194777 262183 316078 234072 68339 83501 141176 41113 55420 15338 56369 196481 237227 71934 75449 -1 193365 229905 192510 326318 287737 209413 111460 273417 122622 164849 206743 46590 147050 200230 298501 284099 67303 77212 88370 89767 42257 198210 157773 109626 225157 53690 154580 105141 306006 102737 44302 221171 157819 129786 286472 131898 198787 247551 94863 94404 166748 164281 300028 254050 232304 309400 217453 150234 312604 143013 208529 299856 19217 55401 179959 196052 185467 103199 115842 133067 309985 225435 128747 79164 98916 233952 323123 56465 319646 171344 255298 42635 312298 252642 300277 224586 
52654 209102 107396 158109 147862 180074 61130 106206 3015 86755 124107 44390 227377 180373 205112 191673 242274 206276 248433 56761 50324 148513 149747 193365 -1 113081 31853 133183 96387 75751 256937 84508 197293 32847 64801 238374 68779 50177 139398 131243 257228 201212 115484 282614 232398 6168 114361 246663 66265 146346 269863 89106 135169 91566 151833 119250 54249 65189 99409 94614 55805 126806 244617 187034 89737 116473 160922 85736 101682 148665 35880 58608 128788 91462 80785 111296 182297 227353 104430 60771 121903 209400 160311 63457 123921 64362 117384 137283 121883 42063 130320 249548 128150 56241 61950 235789 121500 61459 109260 116288 
118412 270063 141694 253850 48376 273598 146069 167851 115675 75305 145439 136374 286140 255180 295959 247590 285290 245199 273613 57634 92605 160675 158502 229905 113081 -1 144906 176001 161794 37483 324622 161561 283624 132911 177645 275539 91416 63025 76554 60556 296690 270554 186749 306502 272048 109025 75637 317094 53243 203183 350634 155034 93443 142424 186694 15204 156790 143477 175973 189320 168882 18107 309370 265147 63453 222426 70150 62489 15499 86812 141841 95049 117927 191014 33085 181131 227984 279658 50948 54261 53090 286936 248844 146148 121067 55836 212048 151507 202757 106099 177488 277622 145447 165035 124080 265696 181773 141203 172026 8839 
66179 198791 118600 134875 179123 157237 56766 107046 29396 113303 136984 45056 217181 165823 182842 184054 237055 203937 248743 88203 74623 158660 160749 192510 31853 144906 -1 137959 97166 107523 242601 81633 177184 30632 33694 235237 90292 81933 167620 160737 252689 187993 107499 282239 228669 36480 139790 231565 97468 141431 250368 88061 160777 96792 154535 150749 36769 63814 94048 76032 24102 158626 231683 170799 116808 88909 191294 114350 133504 176284 25976 79506 149287 69842 112464 107600 178938 219477 133088 92109 150661 192601 140521 59820 143171 95422 96738 147986 108423 61911 133824 248917 141704 30378 73397 235092 120813 63443 109136 147962 
81432 336745 34396 265213 173256 287280 191450 32788 131614 100712 35581 93364 355137 303196 312953 321557 373795 338899 381596 153249 97942 279378 280022 326318 133183 176001 137959 -1 41743 156572 379660 58900 310419 162072 140820 370809 193480 145421 131401 139012 389121 325656 244744 415741 364595 128753 224220 368302 131406 277678 383101 221426 108677 224728 285009 190327 174723 196917 53536 213056 142824 176051 369291 307375 198675 213920 168005 113516 160723 131512 111990 185510 74376 205384 161864 41761 314495 357124 203760 156443 217137 328604 274957 194204 66333 129279 231799 268035 246332 95172 6440 382620 38934 166161 71842 368836 26384 74673 32555 184246 
49232 295818 38518 223545 170631 245654 152008 9974 94401 90724 55442 53666 314194 261750 271352 281190 333937 299871 343494 127209 72311 244699 245758 287737 96387 161794 97166 41743 -1 135265 338097 17316 268684 122901 99193 331546 161288 118813 135896 138891 349442 284312 204513 377429 325158 92819 197934 326685 111108 237992 341401 182598 116867 187450 247462 174642 133888 157959 18699 171623 101084 166071 327899 265762 171911 172391 170943 101809 146339 139309 71246 152317 87716 163771 141013 19338 275174 316640 180183 130947 195354 286921 233222 154871 79002 108630 190113 233419 205237 64180 36942 344181 60800 124720 40512 330359 25147 35192 12907 169111 
88146 243662 122540 219081 78630 239426 111262 142640 78402 61495 130746 102500 260566 225059 262521 222123 264098 224402 257531 20463 63089 144775 143588 209413 75751 37483 107523 156572 135265 -1 297121 132116 251119 95938 140464 255883 63470 25591 89150 75241 276715 241997 155984 291386 251600 71922 70243 288800 25168 176361 319958 124123 97845 114116 165201 44212 119998 109605 147261 154068 131549 52744 282487 234369 47509 185667 96773 49812 28487 100036 105849 63943 112135 155011 5869 154345 204842 255749 47548 17648 60695 256545 215522 111689 112549 27327 177102 134332 170355 74276 156845 260729 132097 127723 95365 248014 157593 110017 146722 40673 
306999 55364 360949 123094 372660 105880 196378 347633 257157 339334 378993 287645 43134 76867 87500 78873 74350 99125 117624 280130 306729 179114 183300 111460 256937 324622 242601 379660 338097 297121 -1 321392 78123 224163 241346 89973 234232 281290 384430 371815 81516 55945 143303 124204 85625 262898 259326 12540 306738 121439 49866 174216 386887 183076 144005 318671 206388 194072 330907 166721 237515 342726 16629 72446 261868 173352 393007 334162 323546 395031 268263 233277 385417 174341 297832 344870 103080 57560 278195 281004 287164 52741 107080 194459 380828 306261 148342 183431 135200 298737 375037 110599 383491 213540 315172 107964 359828 305835 349069 320910 
43972 279762 52777 206315 175231 228398 137419 26301 82225 94688 70888 40307 298115 245205 254085 265603 318688 285233 329412 121689 69410 232934 234236 273417 84508 161561 81633 58900 17316 132116 321392 -1 251550 108713 81932 316713 151574 113183 143885 145100 334306 267870 189131 363179 310212 81710 191194 309911 109193 222974 324202 168353 126617 174279 233901 173505 118135 143720 15565 155150 84091 167666 311394 249005 165201 155097 177695 104451 146336 148378 56039 142084 100026 147055 137968 26863 260364 300935 175067 125644 190974 270043 216218 140354 91528 106623 173252 221736 189096 58281 53827 329881 76272 108301 37483 316051 39186 23825 27748 168320 
243288 70700 295213 46470 329536 27763 141260 277818 196843 283433 313855 221277 80545 40082 18569 82120 120639 118958 158869 231927 247532 167135 171830 122622 197293 283624 177184 310419 268684 251119 78123 251550 -1 164967 169857 131087 192782 231062 333250 322488 134875 49114 97878 179011 123818 203457 230171 65583 255395 96067 73196 128884 331892 143828 131397 280936 143467 141722 259577 102716 167701 301391 75591 28362 225151 98318 347691 280479 279242 343300 201620 188595 325321 107381 253155 273411 104906 95084 243635 233763 256282 28321 36987 140263 319731 254395 80540 166515 80897 237301 305352 153772 318687 146896 250549 144612 288893 238563 278809 281774 
83830 176899 138610 127153 172898 148766 29424 132875 33000 118492 155914 69241 195233 147545 173443 160171 211783 177015 220727 75482 83076 128064 130123 164849 32847 132911 30632 162072 122901 95938 224163 108713 164967 -1 59208 208803 63500 71648 169539 160094 227055 168502 83504 254573 202536 38910 114457 213837 93192 115646 237291 59710 166968 66562 125343 135914 24217 35063 122247 62600 48656 148672 211985 154200 93766 89774 188101 116138 124012 179231 53105 52931 161628 60835 99846 135346 152456 195856 111661 78666 128982 176580 128032 32134 156752 91761 85718 117361 89052 74602 158585 221304 160148 33185 92646 207479 147465 87868 135429 134266 
84398 203198 129160 124400 209623 146466 77398 108100 62079 138804 148131 58413 221278 166270 172159 191810 246091 216500 262991 121530 100056 182716 185356 206743 64801 177645 33694 140820 99193 140464 241346 81932 169857 59208 -1 246399 122152 114934 193872 188664 262156 189328 118578 295400 239364 68621 172485 229576 128436 153520 242324 107120 184141 119830 172980 184047 51186 85473 89839 78129 10555 190698 232318 168940 150098 73265 220219 141941 165649 201702 41358 111414 167578 68415 145567 103747 191160 226069 166664 125502 184233 189341 135074 80451 160409 126210 93119 172688 113395 85443 135607 262279 153301 35946 88772 248612 119076 72293 108977 181063 
291025 60420 345644 159180 323588 153187 179548 341515 239631 308712 361725 277963 54001 98985 148327 57578 15967 32260 28809 243071 283218 115660 118553 46590 238374 275539 235237 370809 331546 255883 89973 316713 131087 208803 246399 -1 193638 246794 344918 330416 21208 82103 128379 50928 7655 243417 202269 93432 271745 93836 139106 149429 352590 148700 90886 266283 199490 173891 329243 169121 239231 293019 75551 106295 212674 195586 345688 300634 278421 355820 260679 196766 359020 179825 254901 342837 56372 37248 225185 242632 229614 105105 137200 176716 356286 272015 161223 124110 134171 279437 367388 22840 365400 211942 300303 18173 355801 296640 343913 269939 
112945 180382 162788 166009 138773 184518 61806 170630 71567 115894 175979 112411 197156 163775 205838 158680 201210 161813 197382 49465 96716 87465 87459 147050 68779 91416 90292 193480 161288 63470 234232 151574 192782 63500 122152 193638 -1 53852 152389 138707 214242 179565 95422 231623 189029 70281 51177 226268 78221 113094 259218 63905 158961 51253 102752 88180 81664 56721 166901 104035 111631 109436 219370 173744 34255 142734 158785 107142 89316 163234 104138 10787 167059 108461 63692 177882 141573 192306 53480 49033 69327 195522 158830 60777 165326 78638 125267 76253 112193 98508 191825 200001 178754 95147 122428 186891 186266 127846 174129 89045 
69855 229130 112784 196926 101298 217803 89940 127126 52856 62092 124201 80019 246600 207376 241534 208605 253705 214761 251207 8509 47669 140821 140459 200230 50177 63025 81933 145421 118813 25591 281290 113183 231062 71648 114934 246794 53852 -1 103279 91554 267178 225597 138445 285464 241925 46512 79352 272335 25543 162263 301292 107084 106651 100168 156031 69272 95857 89506 128672 131717 105965 77561 267264 216016 53466 161366 117323 54024 52601 113787 81289 50115 113213 131753 30643 137254 193527 243216 61892 12563 78104 238410 194852 90807 111634 25400 154951 129743 150959 55044 144721 253748 126532 102700 78303 240561 142591 89998 131031 66129 
112395 331774 102068 296685 46515 318271 192076 137620 140730 55084 95944 138155 348973 310629 342737 310677 353247 313524 345712 104399 93878 232516 230916 298501 139398 76554 167620 131401 135896 89150 384430 143885 333250 169539 193872 344918 152389 103279 -1 16015 365800 328821 241723 379268 340712 133433 150726 375583 78118 264595 404211 210298 23860 202223 254327 90740 192986 192397 154057 231953 188202 64706 370220 319136 133574 255663 36609 53662 68279 10904 152599 151624 58185 230196 90044 153186 293928 344652 125593 103848 129640 341566 296639 193259 65369 78940 255179 222471 253837 108472 135282 349177 93402 195433 112088 336659 147124 132540 141430 84825 
109994 318712 107704 287097 34565 308412 181240 141710 132844 51812 104164 134875 335726 298699 332549 297319 339026 299191 330685 91771 88927 217438 215735 284099 131243 60556 160737 139012 138891 75241 371815 145100 322488 160094 188664 330416 138707 91554 16015 -1 351368 316403 229637 364124 326344 125474 134999 363209 67217 251437 392838 197993 36490 189096 240030 74730 183926 181055 156465 222055 182301 48940 357384 307504 118466 247702 32798 46724 52780 26374 147794 138598 68426 220926 75606 157009 280010 330987 109882 90814 113646 329868 286106 182240 74516 68428 245334 207530 242513 104040 142338 334258 102294 187483 111058 321847 152475 131406 145684 68810 
309867 66482 364610 167781 344763 159149 197673 359395 258377 328984 380943 296001 54410 107401 150902 70634 16227 52438 38940 263622 302805 136866 139742 67303 257228 296690 252689 389121 349442 276715 81516 334306 134875 227055 262156 21208 214242 267178 365800 351368 -1 87518 145280 44675 25256 262404 223476 87602 292238 111471 131379 168127 373197 168457 111558 287481 216524 192366 346491 184272 255430 314192 69635 112784 233762 207769 366840 321097 299461 376700 278346 217090 379071 194673 275815 360191 74974 40605 246374 263267 250813 107316 146274 194922 376176 292458 174403 145295 149009 298587 385545 31563 384710 228356 319061 35529 373466 314714 361680 291122 
251690 21695 305915 81147 318301 71706 140500 293981 201502 283396 323788 233031 34936 23191 66868 36217 72495 71216 109756 224647 250878 133496 138032 77212 201212 270554 187993 325656 284312 241997 55945 267870 49114 168502 189328 82103 179565 225597 328821 316403 87518 -1 87396 130872 74765 207139 208110 46812 250998 68308 83577 118523 330994 128312 96943 265358 151468 138128 278085 112720 184612 288654 43699 25382 208462 125876 338270 278297 268802 339378 213838 178062 329554 121222 242928 292052 61765 47001 225489 225646 235629 26000 60601 138547 325042 250480 96509 135673 79833 243105 321230 104713 328211 159600 260017 95532 306661 251408 295613 267259 
167326 93640 222113 79232 233563 93529 54366 214436 116121 196061 239358 151388 111894 69110 112154 76830 129573 97962 144468 137910 164312 85743 90028 88370 115484 186749 107499 244744 204513 155984 143303 189131 97878 83504 118578 128379 95422 138445 241723 229637 145280 87396 -1 176856 121581 121197 133039 133987 163752 34943 164098 31882 243598 46005 60823 183356 71249 51017 201211 44469 111000 204696 129991 78497 127303 82731 252708 190909 183497 252213 133289 92278 242825 55639 157409 214918 72633 112464 145759 139176 158626 100570 66321 52054 238637 163176 49032 80431 20998 157545 240911 143704 243525 83626 176138 130035 228313 170100 216610 184443 
335002 109346 389069 209681 353413 202544 225787 387399 284129 347513 404377 323768 98853 149277 195355 108502 58423 78901 34374 280795 325039 146771 148391 89767 282614 306502 282239 415741 377429 291386 124204 363179 179011 254573 295400 50928 231623 285464 379268 364124 44675 130872 176856 -1 58553 287287 231146 131413 309571 141928 173697 194865 389155 191316 131171 295612 247270 219512 376228 218863 287819 323178 113669 155788 245699 246438 376058 338431 311416 390133 307220 236304 398629 229725 289631 389622 104240 84000 255554 279809 256972 151744 187800 222832 396602 310142 211901 157054 184259 322646 412656 33322 407755 260402 344448 47148 402036 342303 389998 299991 
285051 53118 339741 151536 320214 145678 173217 335122 233601 303729 355963 271623 47822 91371 141186 49981 14389 27218 35374 238391 277682 112925 116042 42257 232398 272048 228669 364595 325158 251600 85625 310212 123818 202536 239364 7655 189029 241925 340712 326344 25256 74765 121581 58553 -1 237512 199367 88268 266996 87241 134208 143346 347975 143267 86404 263104 192774 167711 322627 161932 232298 289638 70616 98793 208966 188031 342187 295850 274558 351610 254194 191835 353838 172586 250765 336257 50124 30886 221930 238059 226886 98118 129550 170417 350974 267209 153744 120909 126902 273628 361108 29954 359693 205054 294288 22769 349331 290318 337478 266624 
47725 214835 102232 164246 142713 186225 66892 102537 7376 80623 118684 42134 233086 186382 211274 197211 247533 211272 253055 53599 44194 151881 152958 198210 6168 109025 36480 128753 92819 71922 262898 81710 203457 38910 68621 243417 70281 46512 133433 125474 262404 207139 121197 287287 237512 -1 114154 252666 61051 151722 276012 94347 129021 96044 156332 115781 60405 70677 96860 100781 60065 122295 250502 193110 89061 122320 155390 79780 97191 142640 36454 60483 122723 97603 77140 108340 187442 232874 102943 57709 120292 215488 166476 69144 117933 59060 123550 140600 127899 36418 126087 254286 122644 62066 57164 240552 117965 58268 105723 112579 
148758 203983 190888 209647 122310 226140 111285 206407 117348 131736 200430 154781 218584 196420 245120 180637 213064 173098 198600 71180 126940 86623 83962 157773 114361 75637 139790 224220 197934 70243 259326 191194 230171 114457 172485 202269 51177 79352 150726 134999 223476 208110 133039 231146 199367 114154 -1 253243 94477 139870 291003 104954 164341 87411 116547 64528 132689 105103 206759 151430 162040 92034 243330 207613 26036 191959 144914 119871 82565 161359 150203 61543 182034 157211 66213 216083 158514 210130 25137 67813 27931 227892 199227 109775 182742 96206 170908 78613 152598 133821 223802 202885 202028 146324 157481 191366 221910 167528 210278 68857 
296302 50517 350049 110652 364946 93341 186420 336176 246797 329746 368191 276573 42188 66292 75237 74033 78439 98465 121824 271448 296630 174899 179217 109626 246663 317094 231565 368302 326685 288800 12540 309911 65583 213837 229576 93432 226268 272335 375583 363209 87602 46812 133987 131413 88268 252666 253243 -1 297705 114180 46109 165289 377503 175020 139122 311595 195545 184438 319239 155575 225938 335199 18071 60927 254710 161107 385017 324870 315543 386122 257125 224869 375317 162920 289699 333194 99307 58385 271422 272457 280965 40512 94985 184601 370584 297155 136714 178524 124785 288325 363616 115063 372739 202285 304367 110983 348230 294671 337554 313639 
65540 254669 97384 219969 81663 241216 114139 118133 68323 38565 105984 83307 272143 232561 265334 234133 278917 239802 275412 28792 39803 163946 163239 225157 66265 53243 97468 131406 111108 25168 306738 109193 255395 93192 128436 271745 78221 25543 78118 67217 292238 250998 163752 309571 266996 61051 94477 297705 -1 187800 326118 132522 81202 125663 180887 64350 117225 114285 124009 154872 120622 63125 292768 241019 70312 181845 95098 28921 38890 88495 90270 75403 90064 153993 30528 130333 218842 268694 72575 29947 85796 263451 218935 115232 89507 2600 178153 153075 175738 52864 131715 278158 107555 121984 71898 265094 132896 88151 122250 59349 
198857 67303 253692 94351 251243 101648 86236 247950 147340 222502 270405 184530 84394 58129 113458 46411 96138 63050 109575 160249 193409 71215 75909 53690 146346 203183 141431 277678 237992 176361 121439 222974 96067 115646 153520 93836 113094 162263 264595 251437 111471 68308 34943 141928 87241 151722 139870 114180 187800 -1 151220 57531 268825 62375 36733 197424 105690 81202 235414 78230 145897 221287 106320 70033 140551 112359 271732 216028 202323 275334 166964 112971 271085 89365 176785 249025 37751 81621 157290 160767 167332 88663 75213 83524 267518 187594 76862 70564 46243 188095 274076 108762 274347 118492 207942 95095 262102 203243 250270 199535 
316446 94071 368383 117955 397654 96217 212294 350416 269530 355504 387041 294455 88178 95516 71125 116667 123767 144142 167170 301458 320175 216744 221221 154580 269863 350634 250368 383101 341401 319958 49866 324202 73196 237291 242324 139106 259218 301292 404211 392838 131379 83577 164098 173697 134208 276012 291003 46109 326118 151220 -1 195973 403870 208430 180316 346481 216353 211846 331735 175523 240602 368643 63604 85608 289762 169738 416726 351985 347589 414449 274798 256373 398229 180545 321492 345474 142618 104494 307379 302954 318282 63719 109945 210992 392750 325275 153673 219226 150380 310253 377930 160236 391879 220091 323742 156851 361116 311668 351280 347958 
141739 122752 196499 104698 201703 121754 31303 192571 90259 165867 213010 128932 140619 100938 142221 103572 153188 117473 161061 106224 135908 77567 80869 105141 89106 155034 88061 221426 182598 124123 174216 168353 128884 59710 107120 149429 63905 107084 210298 197993 168127 118523 31882 194865 143346 94347 104954 165289 132522 57531 195973 -1 212909 18894 66636 152052 55988 24647 181633 50578 97846 172938 160348 110367 96607 93288 220831 160105 151617 220857 112491 60400 213802 59412 125527 194891 93225 139058 115422 107391 129218 132449 95421 28241 210089 132062 66800 68832 48560 130657 218103 161594 216898 71298 150948 147769 207171 147519 195138 152934 
100290 335473 81070 293260 69912 315242 191810 117525 136024 48481 73099 126568 353080 311785 340229 315203 360024 320763 355215 109601 86196 242615 241423 306006 135169 93443 160777 108677 116867 97845 386887 126617 331892 166968 184141 352590 158961 106651 23860 36490 373197 330994 243598 389155 347975 129021 164341 377503 81202 268825 403870 212909 -1 206818 261705 108379 189415 193138 135404 229509 179560 84434 373246 319615 144656 249654 59971 52828 82425 22987 142874 156600 34670 226623 100057 133184 300023 349867 139382 109961 145741 342101 294987 193339 42347 81263 252464 232122 254010 99368 112877 358267 70205 189937 98179 345400 125869 118249 121147 102150 
143723 129617 197783 122568 190004 138729 42459 197363 93264 161146 213365 134134 146753 112914 158111 108539 154362 116440 157043 97902 134535 62886 65607 102737 91566 142424 96792 224728 187450 114116 183076 174279 143828 66562 119830 148700 51253 100168 202223 189096 168457 128312 46005 191316 143267 96044 87411 175020 125663 62375 208430 18894 206818 -1 60290 138093 69008 34358 188305 69325 109976 160498 168372 123236 81601 111981 210007 154114 140532 212967 119423 50601 210715 77779 114758 201096 93912 143050 99846 98393 112644 144712 111880 39446 207721 125558 85546 53042 65187 131367 221879 158427 216911 84814 153201 144754 212411 152273 200225 139535 
203998 88822 257917 130714 235036 138347 97879 257399 153483 218044 273226 193962 102329 92078 149232 65213 99014 59200 96840 152192 193986 36608 41204 44302 151833 186694 154535 285009 247462 165201 144005 233901 131397 125343 172980 90886 102752 156031 254327 240030 111558 96943 60823 131171 86404 156332 116547 139122 180887 36733 180316 66636 261705 60290 -1 178654 122215 90741 247589 104640 164064 204510 127681 104200 123300 143415 256683 209789 188490 265222 178441 106133 268642 115654 164429 260626 41967 93636 137463 151750 144473 120420 111929 94789 266202 181190 108878 39441 78406 191496 282121 98515 276643 137035 213485 84999 272330 212269 260181 181744 
129884 263728 155960 253224 57801 272331 146159 181057 122006 89783 160243 146219 279338 250972 293976 240898 276587 236505 263128 62548 104148 150830 148354 221171 119250 15204 150749 190327 174642 44212 318671 173505 280936 135914 184047 266283 88180 69272 90740 74730 287481 265358 183356 295612 263104 115781 64528 311595 64350 197424 346481 152052 108379 138093 178654 -1 159255 142769 188206 189501 174849 27850 303140 261315 56897 224505 80495 76883 29683 100733 150060 93416 133124 192070 38713 193964 220342 272112 41228 58661 39688 282774 246926 145914 136203 66936 211780 142212 200365 116872 191632 267388 160364 168704 136122 255772 195255 152409 185220 6370 
100848 162023 154562 103911 197114 125828 26631 143742 53541 140982 172646 81641 180414 129529 150882 147473 200775 168590 214187 99535 104188 131825 134614 157819 54249 156790 36769 174723 133888 119998 206388 118135 143467 24217 51186 199490 81664 95857 192986 183926 216524 151468 71249 247270 192774 60405 132689 195545 117225 105690 216353 55988 189415 69008 122215 159255 -1 34801 129976 40837 41881 172743 195167 135033 114195 65673 212225 139410 148160 202502 62744 71881 181883 37268 123775 143715 143395 182812 132759 102619 149725 157109 106497 29579 176432 115727 63217 122033 71748 93905 170587 213977 177204 15840 108822 200192 157313 100157 145749 157858 
117655 144501 172493 110507 188203 130141 8171 167932 66140 145311 189294 104294 162660 118657 152927 126535 177252 142021 185692 90212 113348 97243 99922 129786 65189 143477 63814 196917 157959 109605 194072 143720 141722 35063 85473 173891 56721 89506 192397 181055 192366 138128 51017 219512 167711 70677 105103 184438 114285 81202 211846 24647 193138 34358 90741 142769 34801 -1 157074 47327 75646 160842 180976 126784 90971 86856 205995 140665 137924 202699 87910 49504 191813 52142 111967 170287 117594 162197 110192 92133 125897 149244 105918 5376 187681 113488 69042 87297 61471 107094 193534 186241 193307 50640 126757 172415 182524 122897 170492 142675 
59208 290710 57035 213799 187572 235607 150491 22209 97028 107185 73261 55028 309001 255222 261132 277286 330750 297985 342623 137175 84332 247588 248986 286472 99409 175973 94048 53536 18699 147261 330907 15565 259577 122247 89839 329243 166901 128672 154057 156465 346491 278085 201211 376228 322627 96860 206759 319239 124009 235414 331735 181633 135404 188305 247589 188206 129976 157074 -1 165553 93501 181417 321417 258462 180765 162054 188753 117619 160649 157738 69171 157315 106399 156897 153098 13971 272972 312413 190543 141112 206371 279101 224903 153482 97677 121456 182565 236433 200049 73701 47584 342910 78553 119065 52111 329081 29401 39342 21138 182914 
