NAME : pr226_Li
TYPE : BWTSP
DIMENSION : 226
EDGE_WEIGHT_TYPE : EXPLICIT
EDGE_WEIGHT_FORMAT : FULL_MATRIX
EDGE_WEIGHT_SECTION
-1 100125 110114 120104 150083 160078 170074 168671 200062 215058 219659 223215 227706 230054 245051 258964 300552 360312 422404 590762 765000 865014 875014 885014 915014 925014 935013 930658 965013 980013 981033 981835 982866 995013 1010012 1019123 1061558 1125100 1185854 1355332 1381639 1190567 1145360 1064707 1022402 1023938 1031722 984124 935909 771508 704060 706116 708308 710634 713092 715681 719809 722721 725758 728920 732206 735612 739138 648845 435460 419315 311488 271581 284121 311006 233077 195576 100000 158824 167705 176706 185809 195000 204267 218289 227706 237171 246678 256223 265801 275409 1200771 1209814 1205259 1214434 1219119 1223867 1228678 1233552 1191826 1196349 1200937 1205591 1210310 1215093 1219939 1224847 618324 635708 626997 644457 653242 662061 670914 679798 613372 622113 630892 639707 648556 657438 666352 675296 789240 798499 807775 817068 826378 835703 845044 793095 811542 802309 820792 839345 830060 848646 945119 951026 957001 963042 1291172 1296852 1302584 1308367 1314201 1320085 1326018 1299433 1310773 1305077 1316520 1328166 1322318 1334063 1525656 1534316 1542992 1551685 1742276 1734395 1726536 1699206 1691449 1683716 1676007 1668323 1660663 1653028 1645418 1626507 1618989 1611498 1604034 1596598 1574460 1567139 1559848 1552587 1545356 1538156 1530988 1523852 1516748 1509677 1481730 1474830 1467966 1461138 1454347 1447593 1440876 1434198 1427559 1420959 1231666 1226744 1221884 1205373 1200802 1196296 1191858 1187487 1183184 1178951 1174787 1164689 1160776 1156936 1153170 1149478 1138859 1135473 1132166 1128938 1125789 1122720 1119732 1116826 1114002 1111261 1101136 1098818 1096586 1094440 1092383 1090413 1088531 1086738 1085035 1083421 
100125 -1 10000 20000 50000 60000 70000 71589 100000 115000 121758 127475 134629 130000 145000 161284 201944 260192 322490 490637 665019 765000 775000 785000 815000 825000 835000 830542 865000 880000 880909 881717 882780 895000 910000 919001 961434 1025049 1085737 1255249 1282673 1090562 1046291 964689 922405 924189 932537 884096 836002 671751 605248 607557 610020 612638 615406 618324 622977 626259 629682 633246 636946 640781 644748 557068 338378 334215 216910 179670 198494 234307 143003 119269 137931 221020 227266 233773 240520 247487 254657 265754 273359 281114 289007 297027 305164 313409 1109741 1119431 1114551 1124378 1129391 1134471 1139616 1144825 1100965 1105814 1110732 1115717 1120770 1125889 1131072 1136321 570088 588727 579396 598080 607454 616847 626259 635689 566480 575847 585235 594643 604070 613514 622977 632456 752080 761725 771379 781041 790712 800391 810077 754801 774032 764412 783661 802948 793300 812604 885791 890969 896228 901568 1207000 1213033 1219119 1225255 1231442 1237679 1243965 1215010 1227049 1221004 1233146 1245492 1239294 1251739 1437359 1445856 1454373 1462908 1661280 1653617 1645980 1619452 1611932 1604439 1596974 1589536 1582127 1574746 1567394 1549145 1541898 1534682 1527498 1520345 1499083 1492062 1485076 1478124 1471207 1464326 1457481 1450672 1443901 1437167 1410620 1404083 1397587 1391133 1384720 1378350 1372024 1365742 1359504 1353311 1180815 1176531 1172316 1158123 1154231 1150413 1146669 1143000 1139408 1135892 1132453 1124200 1121037 1117956 1114955 1112036 1103778 1101193 1098692 1096278 1093949 1091707 1089553 1087486 1085507 1083617 1076952 1075512 1074162 1072905 1071739 1070666 1069685 1068796 1068000 1067298 
110114 10000 -1 10000 40000 50000 60000 62650 90000 105000 112361 118533 126194 120000 135000 151863 192305 250200 312570 480651 655019 755000 765000 775000 805000 815000 825000 820549 855000 870000 870919 871737 872812 885000 900000 909017 951450 1015049 1075744 1245251 1272890 1080613 1036497 954738 912459 914289 922727 874142 826075 661853 595504 597850 600354 603013 605826 608790 613514 616847 620322 623939 627694 631585 635610 548293 328938 326497 207966 171264 191050 228035 135093 114127 145344 229020 235053 241350 247891 254657 261630 272443 279866 287446 295169 303026 311006 319100 1100965 1110732 1105814 1115717 1120770 1125889 1131072 1136321 1092211 1097098 1102055 1107079 1112171 1117329 1122553 1127841 566480 585235 575847 594643 604070 613514 622977 632456 563028 572451 581893 591354 600833 610328 619839 629365 749483 759161 768847 778540 788242 797950 807666 752080 771379 761725 781041 800391 790712 810077 880696 885791 890969 896228 1199020 1205093 1211218 1217395 1223622 1229898 1236224 1207000 1219119 1213033 1225255 1237679 1231442 1243965 1428881 1437359 1445856 1454373 1653617 1645980 1638368 1611932 1604439 1596974 1589536 1582127 1574746 1567394 1560072 1541898 1534682 1527498 1520345 1513225 1492062 1485076 1478124 1471207 1464326 1457481 1450672 1443901 1437167 1430472 1404083 1397587 1391133 1384720 1378350 1372024 1365742 1359504 1353311 1347164 1176531 1172316 1168172 1154231 1150413 1146669 1143000 1139408 1135892 1132453 1129093 1121037 1117956 1114955 1112036 1109200 1101193 1098692 1096278 1093949 1091707 1089553 1087486 1085507 1083617 1081816 1075512 1074162 1072905 1071739 1070666 1069685 1068796 1068000 1067298 1066689 
120104 20000 10000 -1 30000 40000 50000 54083 80000 95000 103078 109772 118004 110000 125000 142522 182705 240208 302655 470664 645019 745000 755000 765000 795000 805000 815000 810555 845000 860000 860930 861757 862844 875000 890000 899034 941465 1005050 1065751 1235253 1263111 1070666 1026706 944788 902514 904392 912921 864190 816149 651959 585769 588154 590699 593401 596259 599270 604070 607454 610983 614654 618466 622415 626498 539560 319531 318904 199123 163038 183848 222036 127475 109659 153052 237171 243002 249098 255441 262011 268794 279330 286575 293981 301538 309233 317057 325000 1092211 1102055 1097098 1107079 1112171 1117329 1122553 1127841 1083478 1088405 1093401 1098465 1103596 1108794 1114058 1119386 563028 581893 572451 591354 600833 610328 619839 629365 559732 569210 578705 588218 597746 607289 616847 626418 747011 756720 766437 776160 785891 795629 805373 749483 768847 759161 778540 797950 788242 807666 875685 880696 885791 890969 1191071 1197184 1203349 1209566 1215833 1222150 1228515 1199020 1211218 1205093 1217395 1229898 1223622 1236224 1420422 1428881 1437359 1445856 1645980 1638368 1630782 1604439 1596974 1589536 1582127 1574746 1567394 1560072 1552780 1534682 1527498 1520345 1513225 1506137 1485076 1478124 1471207 1464326 1457481 1450672 1443901 1437167 1430472 1423815 1397587 1391133 1384720 1378350 1372024 1365742 1359504 1353311 1347164 1341063 1172316 1168172 1164098 1150413 1146669 1143000 1139408 1135892 1132453 1129093 1125811 1117956 1114955 1112036 1109200 1106447 1098692 1096278 1093949 1091707 1089553 1087486 1085507 1083617 1081816 1080104 1074162 1072905 1071739 1070666 1069685 1068796 1068000 1067298 1066689 1066173 
150083 50000 40000 30000 -1 10000 20000 33541 50000 65000 76322 85147 95525 80000 95000 115163 154212 210238 272947 440710 615020 715000 725000 735000 765000 775000 785000 780577 815000 830000 830963 831820 832947 845000 860000 869087 911513 975051 1035773 1205259 1233795 1040829 997359 914945 872686 874714 883530 834341 786384 622294 556619 559129 561805 564646 567649 570811 575847 579396 583095 586941 590931 595063 599333 513639 291548 296985 173349 139754 164012 205913 107005 101119 177553 262393 267675 273222 279016 285044 291290 301040 307774 314682 321753 328976 336341 343839 1066079 1076162 1071086 1081307 1086520 1091799 1097144 1102554 1057414 1062462 1067579 1072765 1078019 1083340 1088726 1094178 553624 572800 563205 582409 592030 601664 611310 620967 550818 560446 570088 579741 589406 599083 608769 618466 740355 750150 759951 769756 779567 789383 799203 742445 761988 752213 771767 791344 781553 801140 861177 865924 870761 875685 1167412 1173648 1179936 1186276 1192665 1199104 1205591 1175266 1187708 1181461 1194006 1206752 1200354 1213198 1395170 1403567 1411984 1420422 1623222 1615689 1608182 1582127 1574746 1567394 1560072 1552780 1545518 1538286 1531086 1513225 1506137 1499083 1492062 1485076 1464326 1457481 1450672 1443901 1437167 1430472 1423815 1417198 1410620 1404083 1378350 1372024 1365742 1359504 1353311 1347164 1341063 1335009 1329003 1323046 1160097 1156168 1152313 1139408 1135892 1132453 1129093 1125811 1122609 1119486 1116445 1109200 1106447 1103778 1101193 1098692 1091707 1089553 1087486 1085507 1083617 1081816 1080104 1078483 1076952 1075512 1070666 1069685 1068796 1068000 1067298 1066689 1066173 1065751 1065422 1065188 
160078 60000 50000 40000 10000 -1 10000 30414 40000 55000 68007 77782 89022 70000 85000 106360 144849 200250 263059 430726 605021 705000 715000 725000 755000 765000 775000 770584 805000 820000 820975 821842 822982 835000 850000 859106 901530 965052 1025780 1195261 1224030 1030886 987585 905000 862746 864827 873742 824394 776466 612413 546923 549477 552200 555090 558144 561360 566480 570088 573847 577754 581808 586003 590339 505099 282312 290000 165076 132594 158114 201246 101242 100125 186078 271017 276134 281514 287141 293002 299082 308585 315159 321908 328824 335894 343111 350464 1057414 1067579 1062462 1072765 1078019 1083340 1088726 1094178 1048773 1053862 1059021 1064249 1069544 1074907 1080336 1085829 550818 570088 560446 579741 589406 599083 608769 618466 548179 557853 567539 577235 586941 596657 606383 616117 738394 748215 758040 767870 777705 787544 797386 740355 759951 750150 769756 789383 779567 799203 856519 861177 865924 870761 1159590 1165869 1172199 1178580 1185011 1191491 1198019 1167412 1179936 1173648 1186276 1199104 1192665 1205591 1386795 1395170 1403567 1411984 1615689 1608182 1600703 1574746 1567394 1560072 1552780 1545518 1538286 1531086 1523918 1506137 1499083 1492062 1485076 1478124 1457481 1450672 1443901 1437167 1430472 1423815 1417198 1410620 1404083 1397587 1372024 1365742 1359504 1353311 1347164 1341063 1335009 1329003 1323046 1317137 1156168 1152313 1148532 1135892 1132453 1129093 1125811 1122609 1119486 1116445 1113486 1106447 1103778 1101193 1098692 1096278 1089553 1087486 1085507 1083617 1081816 1080104 1078483 1076952 1075512 1074162 1069685 1068796 1068000 1067298 1066689 1066173 1065751 1065422 1065188 1065047 
170074 70000 60000 50000 20000 10000 -1 30414 30000 45000 60208 71063 83217 60000 75000 97788 135577 190263 253180 420743 595021 695000 705000 715000 745000 755000 765000 760592 795000 810000 810987 811865 813019 825000 840000 849125 891547 955052 1015788 1185264 1214269 1020943 977816 895056 852808 854942 863959 814448 766551 602536 537238 539838 542609 545550 548657 551928 557136 560803 564624 568595 572713 576975 581378 496614 273130 283196 157003 125822 152643 196977 96177 100125 194743 279732 284693 289914 295381 301081 307002 316267 322684 329280 336043 342965 350036 357246 1048773 1059021 1053862 1064249 1069544 1074907 1080336 1085829 1040156 1045287 1050488 1055758 1061096 1066501 1071972 1077509 548179 567539 557853 577235 586941 596657 606383 616117 545711 555428 565155 574891 584637 594390 604152 613922 736563 746408 756257 766110 775967 785828 795692 738394 758040 748215 767870 787544 777705 797386 851954 856519 861177 865924 1151803 1158123 1164496 1170918 1177391 1183913 1190483 1159590 1172199 1165869 1178580 1191491 1185011 1198019 1378441 1386795 1395170 1403567 1608182 1600703 1593251 1567394 1560072 1552780 1545518 1538286 1531086 1523918 1516781 1499083 1492062 1485076 1478124 1471207 1450672 1443901 1437167 1430472 1423815 1417198 1410620 1404083 1397587 1391133 1365742 1359504 1353311 1347164 1341063 1335009 1329003 1323046 1317137 1311278 1152313 1148532 1144825 1132453 1129093 1125811 1122609 1119486 1116445 1113486 1110608 1103778 1101193 1098692 1096278 1093949 1087486 1085507 1083617 1081816 1080104 1078483 1076952 1075512 1074162 1072905 1068796 1068000 1067298 1066689 1066173 1065751 1065422 1065188 1065047 1065000 
168671 71589 62650 54083 33541 30414 30414 -1 46098 58310 50990 55902 64031 71589 85440 90347 131933 196023 255196 425029 601020 700643 710634 720625 750600 760592 770584 765000 800562 815552 815061 815383 815981 830542 845532 852797 895283 960208 1020049 1190011 1212982 1023132 976729 897357 854974 855862 863134 816854 768196 603511 535397 537448 539676 542079 544656 547403 551838 555000 558323 561805 565442 569232 573171 485644 267255 265377 145344 109001 131244 172409 74330 70000 177341 261964 266130 270601 275363 280401 285701 294109 300000 306105 312410 318904 325576 332415 1038316 1048094 1043168 1053091 1058159 1063297 1068504 1073778 1029563 1034456 1039423 1044462 1049571 1054751 1060000 1065317 520601 539838 530212 549477 559129 568793 578468 588154 517904 527565 537238 546923 556619 566326 576043 585769 707990 717809 727633 737462 747295 757133 766975 709965 729555 719757 739358 758980 749166 768798 827647 832406 837257 842200 1137113 1143252 1149446 1155692 1161992 1168343 1174745 1145044 1157292 1151141 1163497 1176063 1169754 1182423 1366355 1374818 1383302 1391806 1592270 1584685 1577126 1550887 1543454 1536050 1528676 1521332 1514018 1506735 1499483 1481494 1474356 1467251 1460180 1453143 1432245 1425351 1418494 1411675 1404893 1398151 1391447 1384783 1378160 1371578 1345669 1339300 1332976 1326697 1320464 1314277 1308138 1302046 1296003 1290010 1126610 1122698 1118861 1106040 1102554 1099147 1095822 1092577 1089415 1086336 1083340 1076220 1073522 1070911 1068387 1065950 1059174 1057095 1055107 1053209 1051404 1049690 1048070 1046542 1045108 1043767 1039351 1038484 1037714 1037039 1036460 1035978 1035592 1035302 1035109 1035012 
200062 100000 90000 80000 50000 40000 30000 46098 -1 15000 42720 57009 71589 30000 45000 74246 108541 160312 223607 390800 565022 665000 675000 685000 715000 725000 735000 730616 765000 780000 781025 781937 783135 795000 810000 819184 861601 925054 985812 1155271 1185011 991123 948538 865231 823001 825303 834641 784618 736817 572931 508257 511004 513931 517035 520312 523760 529245 533104 537122 541295 545619 550091 554707 471514 245967 264008 134350 108541 139284 186815 86313 105948 221416 306349 310886 315674 320702 325960 331436 340037 346013 352172 358504 365000 371652 378451 1022998 1033501 1028214 1038858 1044282 1049774 1055332 1060955 1014458 1019718 1025049 1030449 1035917 1041453 1047055 1052723 541295 560892 551090 570701 580517 590339 600167 610000 539351 549181 559017 568859 578705 588558 598415 608276 731864 741772 751681 761594 771508 781425 791344 733297 753077 743186 762971 782768 772868 792670 838824 843104 847482 851954 1128650 1135099 1141600 1148151 1154751 1161400 1168097 1136332 1149195 1142738 1155703 1168867 1162261 1175521 1353514 1361800 1370109 1378441 1585828 1578433 1571067 1545518 1538286 1531086 1523918 1516781 1509677 1502606 1495568 1478124 1471207 1464326 1457481 1450672 1430472 1423815 1417198 1410620 1404083 1397587 1391133 1384720 1378350 1372024 1347164 1341063 1335009 1329003 1323046 1317137 1311278 1305469 1299712 1294005 1141195 1137640 1134163 1122609 1119486 1116445 1113486 1110608 1107813 1105102 1102474 1096278 1093949 1091707 1089553 1087486 1081816 1080104 1078483 1076952 1075512 1074162 1072905 1071739 1070666 1069685 1066689 1066173 1065751 1065422 1065188 1065047 1065000 1065047 1065188 1065422 
215058 115000 105000 95000 65000 55000 45000 58310 15000 -1 40000 55000 70000 15000 30000 64517 95688 145344 208866 375832 550023 650000 660000 670000 700000 710000 720000 715629 750000 765000 766045 766975 768196 780000 795000 804215 846629 910055 970824 1140274 1170395 976217 933916 850323 808103 810494 820000 769708 721959 558144 493812 496639 499650 502842 506211 509755 515388 519351 523474 527755 532189 536773 541503 459184 232648 255196 124197 102133 134629 183371 85000 111803 235053 319883 324230 328824 333654 338711 343984 352278 358050 364005 370135 376431 382884 389487 1010198 1020833 1015480 1026255 1031746 1037304 1042929 1048618 1001699 1007025 1012423 1017890 1023426 1029029 1034698 1040433 538447 558144 548293 568001 577862 587729 597599 607474 536773 546649 556529 566414 576303 586195 596091 605991 729966 739899 749833 759770 769708 779647 789589 731198 751033 741114 760953 780801 770876 790728 832586 836720 840952 845281 1117195 1123710 1130277 1136893 1143558 1150272 1157033 1124822 1137816 1131294 1144388 1157681 1151010 1164399 1341128 1349379 1357654 1365952 1574746 1567394 1560072 1534682 1527498 1520345 1513225 1506137 1499083 1492062 1485076 1467762 1460899 1454072 1447282 1440529 1420502 1413904 1407347 1400830 1394355 1387921 1381530 1375182 1368877 1362617 1338030 1332000 1326018 1320085 1314201 1308367 1302584 1296852 1291172 1285545 1135892 1132453 1129093 1117956 1114955 1112036 1109200 1106447 1103778 1101193 1098692 1092817 1090619 1088508 1086485 1084551 1079282 1077706 1076220 1074826 1073522 1072311 1071191 1070164 1069229 1068387 1065950 1065575 1065293 1065106 1065012 1065012 1065106 1065293 1065575 1065950 
219659 121758 112361 103078 76322 68007 60208 50990 42720 40000 -1 15000 30000 42720 50000 39528 80971 148071 205000 375300 551838 651230 661211 671193 701142 711126 721110 715070 751066 766045 765000 765147 765588 781025 796006 802597 845092 910494 970000 1140099 1161992 972522 925743 846788 804383 805047 812158 766322 717513 552743 484407 486467 488723 491172 493812 496639 501224 504505 507962 511591 515388 519351 523474 437321 216622 223439 97082 66568 96566 144309 45000 78102 221923 305164 308423 311970 315793 319883 324230 331210 336155 341321 346699 352278 358050 364005 989798 999850 994786 1004988 1010198 1015480 1020833 1026255 981122 986154 991262 996444 1001699 1007025 1012423 1017890 499124 518773 508945 528607 538447 548293 558144 568001 497318 507174 517035 526901 536773 546649 556529 566414 690254 700179 710106 720035 729966 739899 749833 691556 711372 701463 721284 741114 731198 751033 796241 800562 804984 809506 1091662 1097964 1104321 1110732 1117195 1123710 1130277 1099466 1112036 1105724 1118403 1131294 1124822 1137816 1318873 1327262 1335674 1344108 1547974 1540495 1533044 1507199 1499883 1492598 1485345 1478124 1470935 1463779 1456657 1439001 1432000 1425035 1418106 1411214 1390764 1384025 1377325 1370666 1364047 1357470 1350935 1344442 1337993 1331587 1306417 1300240 1294112 1288031 1282000 1276019 1270089 1264209 1258382 1252607 1098476 1094920 1091444 1079919 1076812 1073790 1070852 1068000 1065235 1062556 1059965 1053874 1051594 1049405 1047306 1045299 1039832 1038196 1036653 1035205 1033852 1032594 1031431 1030364 1029393 1028518 1025987 1025597 1025305 1025110 1025012 1025012 1025110 1025305 1025597 1025987 
223215 127475 118533 109772 85147 77782 71063 55902 57009 55000 15000 -1 15000 57009 62650 37583 80039 151822 205548 376198 553263 652323 662288 672254 702157 712127 722098 715437 752014 766975 765147 765000 765147 781937 796900 802504 845004 911112 970116 1140395 1159181 971558 923106 845946 803496 803508 809707 765588 716415 551453 481690 483451 485412 487571 489923 492468 496639 499650 502842 506211 509755 513469 517349 429796 212250 212250 89443 54829 82765 129808 30000 67268 218689 300832 303645 306757 310161 313847 317805 324230 328824 333654 338711 343984 349464 355141 982459 992283 987332 997309 1002410 1007584 1012830 1018148 973717 978634 983628 988699 993844 999062 1004353 1009715 484407 504034 494217 513858 523689 533526 543369 553218 482545 492392 502245 512104 521967 531836 541710 551589 675370 685292 695216 705142 715070 725000 734932 676702 696509 686604 706417 726240 716327 736156 782704 787099 791596 796194 1082312 1088531 1094806 1101136 1107520 1113957 1120446 1090183 1102588 1096358 1108873 1121606 1115213 1128051 1310744 1319185 1327648 1336132 1538083 1530555 1523056 1497039 1489673 1482338 1475034 1467762 1460522 1453315 1446141 1428356 1421302 1414284 1407302 1400357 1379746 1372953 1366199 1359485 1352812 1346180 1339589 1333042 1326537 1320076 1294681 1288449 1282264 1276127 1270039 1264002 1258014 1252078 1246194 1240363 1084493 1080891 1077369 1065692 1062544 1059481 1056504 1053613 1050809 1048094 1045466 1039291 1036979 1034758 1032630 1030594 1025049 1023389 1021824 1020355 1018982 1017706 1016526 1015443 1014458 1013570 1011002 1010606 1010309 1010111 1010012 1010012 1010111 1010309 1010606 1011002 
227706 134629 126194 118004 95525 89022 83217 64031 71589 70000 30000 15000 -1 71589 76158 41382 81892 156924 207183 377690 555090 653758 663702 673647 703491 713442 723395 716118 753260 768196 765588 765147 765000 783135 798076 802691 845181 911976 970464 1140888 1156557 970824 920706 845370 802889 802247 807527 765147 715629 550568 479427 480885 482545 484407 486467 488723 492468 495202 498121 501224 504505 507962 511591 422670 208866 201556 83815 45069 69462 115434 15000 58310 216449 297195 299541 302200 305164 308423 311970 317805 322025 326497 331210 336155 341321 346699 975295 984886 980051 989798 994786 999850 1004988 1010198 966488 971288 976166 981122 986154 991262 996444 1001699 469707 489311 479505 499124 508945 518773 528607 538447 467787 477624 487468 497318 507174 517035 526901 536773 660492 670410 680331 690254 700179 710106 720035 661853 681652 671751 691556 711372 701463 721284 769220 773692 778267 782943 1073091 1079224 1085415 1091662 1097964 1104321 1110732 1081030 1093263 1087118 1099466 1112036 1105724 1118403 1302738 1311230 1319744 1328279 1528275 1520699 1513151 1486960 1479544 1472158 1464804 1457481 1450190 1442931 1435705 1417789 1410682 1403611 1396576 1389577 1368804 1361956 1355148 1348379 1341650 1334963 1328317 1321713 1315152 1308635 1283014 1276724 1270482 1264288 1258143 1252048 1246004 1240010 1234068 1228180 1070537 1066888 1063320 1051487 1048296 1045191 1042173 1039243 1036400 1033646 1030983 1024719 1022375 1020123 1017964 1015899 1010272 1008588 1007000 1005510 1004117 1002821 1001624 1000525 999525 998624 996017 995615 995314 995113 995013 995013 995113 995314 995615 996017 
230054 130000 120000 110000 80000 70000 60000 71589 30000 15000 42720 57009 71589 -1 15000 57118 83554 130384 194165 360867 535023 635000 645000 655000 685000 695000 705000 700643 735000 750000 751066 752014 753260 765000 780000 789248 831659 895056 955837 1125278 1155790 961314 919307 835419 793209 795692 805373 754801 707107 543369 479401 482312 485412 488697 492164 495807 501597 505668 509902 514296 518845 523546 528394 447018 219545 246982 115109 97628 131529 181108 86313 119269 248847 333542 337713 342126 346771 351639 356721 364726 370304 376065 382001 388104 394367 400780 997459 1008229 1002809 1013718 1019277 1024902 1030594 1036352 989002 994397 999862 1005398 1011002 1016673 1022411 1028214 536004 555788 545894 565685 575587 585491 595399 605310 534603 544518 554437 564358 574282 584209 594138 604070 728371 738326 748281 758238 768196 778155 788115 729400 749283 739341 759227 779118 769172 789066 826574 830557 834641 838824 1105825 1112407 1119040 1125722 1132453 1139232 1146058 1113396 1126521 1119933 1133159 1146582 1139846 1153365 1328796 1337012 1345251 1353514 1563730 1556422 1549145 1523918 1516781 1509677 1502606 1495568 1488565 1481595 1474661 1457481 1450672 1443901 1437167 1430472 1410620 1404083 1397587 1391133 1384720 1378350 1372024 1365742 1359504 1353311 1329003 1323046 1317137 1311278 1305469 1299712 1294005 1288352 1282751 1277204 1130763 1127442 1124200 1113486 1110608 1107813 1105102 1102474 1099932 1097474 1095103 1089553 1087486 1085507 1083617 1081816 1076952 1075512 1074162 1072905 1071739 1070666 1069685 1068796 1068000 1067298 1065422 1065188 1065047 1065000 1065047 1065188 1065422 1065751 1066173 1066689 
245051 145000 135000 125000 95000 85000 75000 85440 45000 30000 50000 62650 76158 15000 -1 53033 72500 115434 179513 345905 520024 620000 630000 640000 670000 680000 690000 685657 720000 735000 736088 737055 738326 750000 765000 774282 816689 880057 940851 1110281 1141195 946414 904710 820518 778320 780897 790759 739899 692261 528607 465027 468028 471222 474605 478174 481923 487878 492062 496412 500924 505594 510416 515388 435029 206700 239426 107355 95296 130096 180069 90139 128062 262774 347311 351319 355563 360035 364726 369628 377359 382753 388330 394081 400000 406079 412311 984784 995691 990202 1001249 1006876 1012571 1018332 1024158 976371 981835 987370 992975 998649 1004390 1010198 1016071 533971 553828 543898 563760 573694 583631 593570 603511 532846 542794 552743 562694 572647 582602 592558 602516 727083 737055 747027 757001 766975 776949 786924 727908 747830 737869 757793 777721 767756 787686 820792 824621 828553 832586 1094543 1101193 1107892 1114641 1121439 1128284 1135176 1102055 1115314 1108659 1122018 1135573 1128771 1142421 1316520 1324698 1332901 1341128 1552780 1545518 1538286 1513225 1506137 1499083 1492062 1485076 1478124 1471207 1464326 1447282 1440529 1433815 1427139 1420502 1400830 1394355 1387921 1381530 1375182 1368877 1362617 1356401 1350231 1344108 1320085 1314201 1308367 1302584 1296852 1291172 1285545 1279971 1274451 1268986 1125811 1122609 1119486 1109200 1106447 1103778 1101193 1098692 1096278 1093949 1091707 1086485 1084551 1082705 1080949 1079282 1074826 1073522 1072311 1071191 1070164 1069229 1068387 1067638 1066982 1066419 1065106 1065012 1065012 1065106 1065293 1065575 1065950 1066419 1066982 1067638 
258964 161284 151863 142522 115163 106360 97788 90347 74246 64517 39528 37583 41382 57118 53033 -1 42500 115596 167966 338619 515716 614746 624710 634675 664577 674546 684516 677874 714432 729392 727607 727504 727710 744354 759317 765000 807500 873534 932584 1102843 1122792 934271 886602 808618 766180 766428 773086 728226 679163 514259 445211 447172 449347 451733 454326 457124 461695 464987 468468 472136 475986 480013 484213 398826 177095 190690 60104 42500 77540 127525 49624 99562 256052 337731 340312 343165 346284 349661 353288 359183 363404 367848 372508 377376 382443 387702 951059 961256 956118 966469 971757 977119 982554 988060 942424 947530 952713 957973 963308 968717 974198 979751 480950 500812 490879 510747 520685 530625 540567 550511 479857 489809 499762 509718 519675 529634 539595 549557 674175 684151 694127 704104 714082 724060 734038 674954 694883 684918 704849 724784 714816 734753 769456 773442 777536 781737 1054710 1061114 1067573 1074087 1080654 1087273 1093944 1062432 1075203 1068790 1081671 1094766 1088192 1101391 1280669 1289016 1297387 1305780 1511675 1504265 1496884 1471296 1464057 1456850 1449677 1442537 1435431 1428360 1421324 1403892 1396983 1390112 1383280 1376486 1356342 1349708 1343117 1336567 1330061 1323598 1317180 1310806 1304478 1298196 1273543 1267502 1261512 1255573 1249685 1243850 1238068 1232340 1226667 1221050 1073761 1070473 1067269 1056723 1053903 1051172 1048529 1045974 1043510 1041135 1038852 1033544 1031583 1029715 1027941 1026261 1021794 1020496 1019295 1018191 1017184 1016274 1015462 1014748 1014131 1013614 1012528 1012503 1012577 1012750 1013021 1013392 1013860 1014427 1015092 1015856 
300552 201944 192305 182705 154212 144849 135577 131933 108541 95688 80971 80039 81892 83554 72500 42500 -1 77661 125623 296279 473504 572413 582371 592331 622219 632184 642150 635398 672054 687009 685114 685005 685224 701966 716925 722500 765000 831087 890088 1060357 1081090 891856 844811 766180 723749 724159 731202 685771 636774 471918 403524 405686 408082 410708 413559 416631 421641 425243 429047 433049 437243 441623 446185 363567 137591 170386 42500 60104 89617 135208 86350 138406 298046 379086 381387 383935 386725 389752 393009 398317 402127 406148 410373 414797 419412 424213 914552 925152 919813 930568 936059 941624 947263 952972 906039 911349 916737 922202 927743 933358 939045 944805 477736 497726 487731 507722 517717 527713 537709 547705 477526 487526 497525 507525 517524 527524 537523 547523 672519 682518 692518 702518 712518 722517 732517 672667 692662 682665 702660 722656 712658 732654 753761 757269 760892 764628 1022329 1028935 1035595 1042308 1049074 1055891 1062759 1029882 1043051 1036439 1049717 1063206 1056436 1070026 1245464 1253707 1261975 1270268 1480391 1473111 1465864 1440757 1433660 1426598 1419571 1412580 1405625 1398707 1391827 1374793 1368048 1361344 1354679 1348056 1328441 1321990 1315582 1309220 1302903 1296633 1290409 1284234 1278107 1272028 1248221 1242399 1236631 1230917 1225258 1219654 1214107 1208617 1203186 1197813 1060368 1057441 1054600 1045350 1042908 1040556 1038295 1036126 1034048 1032064 1030173 1025856 1024295 1022830 1021460 1020187 1016947 1016062 1015274 1014584 1013993 1013500 1013105 1012809 1012611 1012512 1013105 1013500 1013993 1014584 1015274 1016062 1016947 1017930 1019010 1020187 
360312 260192 250200 240208 210238 200250 190263 196023 160312 145344 148071 151822 156924 130384 115434 115596 77661 -1 67082 230489 405278 505099 515097 525095 555090 565088 575087 570351 605083 620081 620725 621631 622896 635079 650077 658872 701289 765000 825545 995113 1027156 831039 790712 705142 662972 665902 676702 624520 577062 413824 352881 356546 360451 364589 368951 373530 380789 385876 391152 396611 402244 408044 414005 343402 116619 200000 107005 137045 162788 202485 163248 214767 369899 452604 455467 458530 461790 465242 468882 474684 478774 483037 487468 492062 496815 501722 884096 896005 890014 902067 908199 914399 920666 926998 876028 882001 888046 894162 900347 906601 912921 919307 522398 542310 532353 552268 562228 572189 582151 592115 523450 533385 543323 553263 563205 573149 583095 593043 717513 727479 737445 747412 757380 767349 777319 716746 736699 726722 746676 766632 756654 776611 774935 777512 780208 783023 1004117 1011262 1018455 1025695 1032981 1040312 1047688 1011163 1025402 1018258 1032594 1047115 1039832 1054443 1218236 1226132 1234058 1242014 1463984 1457069 1450190 1426403 1419692 1413020 1406387 1399795 1393243 1386732 1380263 1364276 1357958 1351684 1345455 1339272 1321003 1315010 1309065 1303169 1297324 1291530 1285788 1280098 1274461 1268877 1247097 1241793 1236548 1231361 1226234 1221167 1216162 1211218 1206337 1201520 1084216 1081954 1079780 1072870 1071098 1069416 1067825 1066325 1064918 1063602 1062379 1059729 1058832 1058029 1057320 1056705 1055426 1055190 1055047 1055000 1055047 1055190 1055426 1055758 1056184 1056705 1059729 1060719 1061803 1062979 1064249 1065610 1067064 1068609 1070245 1071972 
422404 322490 312570 302655 272947 263059 253180 255196 223607 208866 205000 205548 207183 194165 179513 167966 125623 67082 -1 170660 347922 446794 456755 466717 496614 506582 516551 510098 546466 561427 560000 560201 560803 576390 591354 597631 640122 705638 765000 935120 961691 768196 725207 642359 600026 601768 611249 561805 513517 349357 286225 289698 293471 297532 301869 306472 313847 319061 324500 330151 336006 342053 348281 282002 70000 180278 136565 176299 192354 220227 209881 261964 423586 504034 506014 508183 510539 513079 515800 520216 523378 526711 530212 533877 537703 541687 818001 830136 824030 836316 842570 848896 855292 861757 810015 816104 822268 828508 834820 841204 847659 854181 502195 521728 511957 531507 541295 551090 560892 570701 504480 514198 523927 533667 543415 553173 562939 572713 695432 705284 715140 725000 734864 744731 754603 693776 713530 703651 723412 743186 733297 753077 732547 734456 736495 738664 940877 948182 955536 962938 970387 977880 985419 947761 962315 955013 969665 984505 977062 991993 1152562 1160388 1168247 1176138 1400946 1394148 1387390 1364047 1357470 1350935 1344442 1337993 1331587 1325226 1318911 1303323 1297170 1291065 1285010 1279004 1261289 1255488 1249740 1244046 1238406 1232822 1227294 1221822 1216409 1211053 1190231 1185179 1180191 1175266 1170406 1165611 1160883 1156222 1151629 1147105 1042461 1040685 1039002 1033852 1032594 1031431 1030364 1029393 1028518 1027740 1027059 1025780 1025439 1025195 1025049 1025000 1025439 1025780 1026219 1026755 1027387 1028117 1028944 1029866 1030886 1032000 1037413 1039002 1040685 1042461 1044330 1046291 1048344 1050488 1052723 1055047 
590762 490637 480651 470664 440710 430726 420743 425029 390800 375832 375300 376198 377690 360867 345905 338619 296279 230489 170660 -1 177553 276134 286094 296057 325960 335932 345905 340037 375832 390800 390288 391152 392588 405771 420743 428384 470804 535210 595189 765000 801764 601041 566083 475184 433193 437778 452383 394588 348174 188481 148661 156205 164012 172047 180278 188680 201556 210297 219146 228090 237118 246221 255392 240000 190066 295169 303191 344683 355844 373664 379770 431567 594138 674036 675740 677588 679577 681707 683977 687641 690254 693001 695881 698892 702033 705301 700179 714738 707425 722115 729555 737055 744614 752230 693289 700607 707990 715437 722945 730514 738140 745822 577430 595000 586195 603842 612719 621631 630575 639551 582344 591037 599771 608543 617353 626199 635079 643991 757694 766942 776209 785493 794796 804114 813449 753923 772528 763217 781857 800562 791202 809938 735833 735425 735153 735017 845946 854239 862569 870933 879332 887764 896228 851601 868116 859840 876427 893155 884774 901568 1035917 1042988 1050107 1057272 1303006 1297006 1291056 1270630 1264911 1259246 1253635 1248079 1242578 1237134 1231747 1218534 1213353 1208232 1203173 1198176 1183565 1178824 1174149 1169541 1165000 1160528 1156125 1151792 1147530 1143339 1127309 1123488 1119743 1116076 1112486 1108975 1105543 1102191 1098920 1095730 1040192 1040048 1040000 1040589 1040973 1041453 1042029 1042701 1043468 1044330 1045287 1048094 1049381 1050762 1052236 1053803 1059056 1060990 1063015 1065129 1067333 1069626 1072007 1074477 1077033 1079676 1091100 1094166 1097315 1100545 1103857 1107249 1110720 1114271 1117900 1121606 
765000 665019 655019 645019 615020 605021 595021 601020 565022 550023 551838 553263 555090 535023 520024 515716 473504 405278 347922 177553 -1 100125 110114 120104 150083 160078 170074 168671 200062 215058 219659 223215 227706 230054 245051 258964 300552 360312 422404 590762 648845 435460 419315 311488 271581 284121 311006 233077 195576 100000 158824 167705 176706 185809 195000 204267 218289 227706 237171 246678 256223 265801 275409 321753 363662 458530 480521 522165 532400 547220 557315 609118 771508 851587 853288 855102 857030 859069 861220 864653 867078 869612 872253 875000 877852 880809 618324 635708 626997 644457 653242 662061 670914 679798 613372 622113 630892 639707 648556 657438 666352 675296 702318 717670 709965 725431 733246 741114 749033 757001 708837 716415 724051 731744 739493 747295 755149 763053 865520 873971 882454 890969 899514 908089 916692 860189 877226 868692 885791 903009 894385 911661 793300 790712 788242 785891 789240 798499 807775 817068 826378 835703 845044 793095 811542 802309 820792 839345 830060 848646 945119 951026 957001 963042 1231666 1226744 1221884 1205373 1200802 1196296 1191858 1187487 1183184 1178951 1174787 1164689 1160776 1156936 1153170 1149478 1138859 1135473 1132166 1128938 1125789 1122720 1119732 1116826 1114002 1111261 1101136 1098818 1096586 1094440 1092383 1090413 1088531 1086738 1085035 1083421 1081168 1082647 1084216 1090413 1092383 1094440 1096586 1098818 1101136 1103540 1106029 1112621 1115404 1118269 1121216 1124244 1133810 1137157 1140581 1144083 1147661 1151314 1155043 1158846 1162723 1166673 1183184 1187487 1191858 1196296 1200802 1205373 1210010 1214712 1219477 1224306 
865014 765000 755000 745000 715000 705000 695000 700643 665000 650000 651230 652323 653758 635000 620000 614746 572413 505099 446794 276134 100125 -1 10000 20000 50000 60000 70000 71589 100000 115000 121758 127475 134629 130000 145000 161284 201944 260192 322490 490637 557068 338378 334215 216910 179670 198494 234307 143003 119269 137931 221020 227266 233773 240520 247487 254657 265754 273359 281114 289007 297027 305164 313409 381903 458394 546923 577862 619824 628590 640800 655534 707107 870201 949645 951118 952694 954372 956151 958032 961041 963172 965401 967729 970155 972677 975295 570088 588727 579396 598080 607454 616847 626259 635689 566480 575847 585235 594643 604070 613514 622977 632456 767414 781361 774355 788432 795566 802761 810015 817328 774677 781553 788495 795503 802574 809707 816900 824151 919157 927065 935013 943001 951026 959088 967187 913044 929005 921005 937043 953231 945119 961379 820792 817068 813449 809938 752080 761725 771379 781041 790712 800391 810077 754801 774032 764412 783661 802948 793300 812604 885791 890969 896228 901568 1180815 1176531 1172316 1158123 1154231 1150413 1146669 1143000 1139408 1135892 1132453 1124200 1121037 1117956 1114955 1112036 1103778 1101193 1098692 1096278 1093949 1091707 1089553 1087486 1085507 1083617 1076952 1075512 1074162 1072905 1071739 1070666 1069685 1068796 1068000 1067298 1095103 1097474 1099932 1109200 1112036 1114955 1117956 1121037 1124200 1127442 1130763 1139408 1143000 1146669 1150413 1154231 1166126 1170235 1174415 1178664 1182984 1187371 1191826 1196349 1200937 1205591 1224847 1229817 1234848 1239940 1245090 1250300 1255568 1260893 1266274 1271711 
875014 775000 765000 755000 725000 715000 705000 710634 675000 660000 661211 662288 663702 645000 630000 624710 582371 515097 456755 286094 110114 10000 -1 10000 40000 50000 60000 62650 90000 105000 112361 118533 126194 120000 135000 151863 192305 250200 312570 480651 548293 328938 326497 207966 171264 191050 228035 135093 114127 145344 229020 235053 241350 247891 254657 261630 272443 279866 287446 295169 303026 311006 319100 389166 468108 556170 587729 629707 638377 650404 665451 717008 880142 959544 961002 962562 964222 965984 967846 970824 972934 975141 977446 979847 982344 984937 566480 585235 575847 594643 604070 613514 622977 632456 563028 572451 581893 591354 600833 610328 619839 629365 774677 788495 781553 795503 802574 809707 816900 824151 782001 788812 795692 802636 809645 816716 823848 831039 925338 933193 941090 949026 957001 965013 973062 919157 935013 927065 943001 959088 951026 967187 824621 820792 817068 813449 749483 759161 768847 778540 788242 797950 807666 752080 771379 761725 781041 800391 790712 810077 880696 885791 890969 896228 1176531 1172316 1168172 1154231 1150413 1146669 1143000 1139408 1135892 1132453 1129093 1121037 1117956 1114955 1112036 1109200 1101193 1098692 1096278 1093949 1091707 1089553 1087486 1085507 1083617 1081816 1075512 1074162 1072905 1071739 1070666 1069685 1068796 1068000 1067298 1066689 1097474 1099932 1102474 1112036 1114955 1117956 1121037 1124200 1127442 1130763 1134163 1143000 1146669 1150413 1154231 1158123 1170235 1174415 1178664 1182984 1187371 1191826 1196349 1200937 1205591 1210310 1229817 1234848 1239940 1245090 1250300 1255568 1260893 1266274 1271711 1277204 
