NAME : st70_Li
TYPE : BWTSP
DIMENSION : 70
EDGE_WEIGHT_TYPE : EXPLICIT
EDGE_WEIGHT_FORMAT : FULL_MATRIX
EDGE_WEIGHT_SECTION
-1 5920 7317 5459 3312 5334 6429 8041 8053 3640 6041 5701 1456 8800 4982 860 6555 5614 6803 9502 6407 2594 854 5104 10539 8132 9341 8401 1414 9343 1970 6859 6014 6464 3257 424 2062 1860 9521 8955 5886 6001 6610 7892 9794 9901 1253 6574 9080 3048 4383 4187 3396 6780 9527 5280 4383 2126 2625 5021 8766 7799 3002 5515 4904 3068 6083 7864 2147 2010 
5920 -1 1942 854 4252 2236 510 2202 5250 4720 8184 5239 5304 3489 2343 5686 4020 1204 1300 4205 5215 3423 5070 1985 8023 2214 5831 2617 5504 4383 4904 1304 6210 5315 4934 6139 5441 4230 7473 6357 2602 1726 3650 3500 7280 6466 5099 8006 3162 5376 6629 4974 3394 7181 3672 7295 2285 5360 3701 5515 6525 7524 3102 9361 7628 2864 7577 3774 4710 5515 
7317 1942 -1 1924 4875 2283 1628 1166 3900 5162 8157 4883 6958 1581 4280 6905 3138 1703 2550 2309 4562 5049 6503 3920 6476 1868 4144 1281 7157 2441 6629 640 5852 4652 6815 7603 6357 5831 6113 4925 2121 1432 2693 1772 5787 4754 6297 7767 2524 5994 6888 5201 4206 6712 3312 7355 4206 6263 5434 5449 5201 6768 4805 9762 7864 4428 7420 2138 6454 7257 
5459 854 1924 -1 3466 1404 1204 2596 4610 3905 7336 4393 5036 3493 2746 5124 3276 447 2154 4220 4401 3126 4627 2419 7424 2830 5341 2943 5235 4254 4707 1404 5360 4501 4965 5722 4751 3912 6801 5727 1844 1082 2941 3124 6664 5982 4522 7151 3759 4601 5801 4134 2640 6335 4360 6450 2476 4665 3517 4662 5852 6707 2886 8563 6801 2508 6723 3324 4535 5337 
3312 4252 4875 3466 -1 2600 4667 5883 4754 600 4198 2484 3905 6113 4805 2563 3298 3360 5500 6747 3124 2864 2832 4684 7242 6263 6073 6129 4036 6438 3996 4632 3046 3189 5070 3722 1600 3041 6248 5644 2961 3444 3423 4916 6490 6613 2059 4300 7161 1140 2470 1140 894 3985 7810 3276 4159 1500 3421 2025 5464 4830 3114 5109 3444 2600 3801 4800 3982 4500 
5334 2236 2283 1404 2600 -1 2470 3342 3441 2884 6075 3008 5292 3551 3956 4801 1970 1044 3517 4219 3000 3499 4589 3669 6268 3829 4405 3551 5478 4011 5100 2121 3985 3100 5673 5672 4123 4163 5546 4549 640 860 1720 2571 5492 5033 4200 5818 4669 3712 4667 2970 2010 4948 5381 5220 3536 4026 4022 3362 4607 5304 3421 7517 5659 2884 5412 2600 4974 5725 
6429 510 1628 1204 4667 2470 -1 1712 5217 5109 8509 5471 5808 3106 2693 6185 4101 1432 1100 3808 5376 3932 5579 2332 7938 1709 5680 2138 6007 4046 5401 1000 6451 5474 5385 6649 5908 4738 7453 6306 2729 1811 3701 3312 7212 6306 5595 8286 2657 5800 7000 5325 3829 7404 3191 7632 2720 5825 4200 5814 6512 7679 3606 9767 8000 3373 7872 3625 5204 6007 
8041 2202 1166 2596 5883 3342 1712 -1 4937 6220 9309 6046 7501 1749 4308 7720 4295 2550 2140 2335 5725 5608 7201 3956 7355 806 4965 447 7701 2778 7106 1253 7018 5814 7083 8287 7292 6412 7103 5901 3265 2484 3848 2702 6712 5532 7117 8931 1360 7018 7998 6303 5143 7877 2147 8496 4415 7201 5903 6595 6220 7912 5300 10858 8983 5025 8580 3106 6912 7716 
8053 5250 3900 4610 4754 3441 5217 4937 -1 4561 5778 2802 8405 3716 7336 7316 1562 4163 6297 3883 2010 6794 7479 7021 2830 5722 1400 4805 8570 3202 8324 4329 3353 2022 9052 8453 6264 7341 2236 1118 2830 3547 1720 2256 2059 1868 6803 5061 6161 5413 5324 4159 4771 3774 6986 5289 6964 6168 7355 3701 1304 3330 6790 7981 6042 6223 4924 1844 8233 8920 
3640 4720 5162 3905 600 2884 5109 6220 4561 -1 3614 2062 4383 6297 5394 2830 3206 3748 5991 6896 2778 3453 3265 5263 6912 6653 5923 6435 4500 6531 4518 4982 2506 2830 5630 4061 1709 3585 5882 5371 3138 3744 3406 5001 6177 6429 2408 3700 7529 906 1924 583 1456 3418 8207 2693 4752 1616 4002 1476 5148 4305 3712 4667 2915 3200 3202 4837 4519 4993 
6041 8184 8157 7336 4198 6075 8509 9309 5778 3614 -1 3330 7278 8873 9003 5220 5263 7083 9481 9301 3912 6907 6119 8877 6801 9881 7084 9418 7325 8737 7595 8161 2470 3859 8857 6426 4159 6818 5701 5944 6044 6882 5673 7341 6320 7325 5179 922 10667 3400 1800 3231 5070 2121 11420 922 8355 4144 7400 2720 5492 3106 7225 2408 1166 6760 854 7021 7666 7908 
5701 5239 4883 4393 2484 3008 5471 6046 2802 2062 3330 -1 6389 5544 6627 4883 1942 4052 6525 5991 806 5189 5304 6407 4876 6673 4201 6122 6519 5459 6464 4965 985 825 7471 6122 3722 5492 3828 3421 2818 3716 2343 4022 4163 4617 4469 2884 7406 2773 2532 1526 2955 1942 8184 2642 6067 3636 5770 900 3138 2474 5349 5292 3324 4776 2550 3722 6435 6981 
1456 5304 6958 5036 3905 5292 5808 7501 8405 4383 7278 6389 -1 8516 3891 2102 6851 5295 5967 9240 7001 1910 1170 4085 11063 7455 9588 7901 200 9192 566 6420 6880 7072 1803 1304 3132 1140 10114 9402 5909 5797 6810 7843 10294 10187 2119 7716 8386 4031 5536 4965 3640 7741 8732 6456 3384 3162 1628 5852 9285 8682 2202 6946 6181 2532 7211 7892 781 632 
8800 3489 1581 3493 6113 3551 3106 1749 3716 6297 8873 5544 8516 -1 5798 8329 3612 3225 3821 728 5021 6610 8006 5438 5800 2508 3401 1393 8713 1030 8200 2193 6438 5093 8393 9105 7669 7382 5707 4512 3162 2802 3202 1562 5224 3912 7723 8344 2602 7178 7839 6217 5558 7159 3401 8161 5770 7571 7009 6268 4904 6964 6379 10719 8766 5984 8072 1942 8028 8829 
4982 2343 4280 2746 4805 3956 2693 4308 7336 5394 9003 6627 3891 5798 -1 5099 5924 3191 2319 6500 6845 2484 4177 361 10160 3981 8080 4754 4072 6720 3362 3640 7503 6943 2900 5048 5371 3124 9494 8453 4519 3828 5636 5805 9394 8720 4640 9055 4826 5725 7253 5842 3946 8502 5009 8081 671 5324 2360 6607 8549 9080 2062 9615 8191 2326 8571 6044 3138 3860 
860 5686 6905 5124 2563 4801 6185 7720 7316 2830 5220 4883 2102 8329 5099 -1 5852 5217 6689 9014 5608 2617 1044 5162 9742 7892 8633 8052 2121 8802 2518 6500 5162 5660 3833 1281 1204 2059 8709 8184 5308 5533 5944 7317 9005 9176 608 5727 8839 2193 3534 3360 2802 5920 9347 4438 4455 1273 2830 4177 7976 6943 3041 4884 4100 2941 5233 7256 2648 2717 
6555 4020 3138 3276 3298 1970 4101 4295 1562 3206 5263 1942 6851 3612 5924 5852 -1 2844 5201 4050 1442 5235 5948 5630 4342 4998 2786 4305 7018 3534 6762 3373 2828 1526 7501 6946 4866 5780 3578 2625 1432 2302 447 2081 3561 3354 5314 4742 5636 4101 4366 2915 3225 3606 6440 4579 5501 4768 5798 2731 2642 3640 5240 7201 5233 4669 4460 1789 6671 7360 
5614 1204 1703 447 3360 1044 1432 2550 4163 3748 7083 4052 5295 3225 3191 5217 2844 -1 2474 3946 4011 3396 4801 2865 6977 2907 4904 2846 5492 3922 5000 1300 5029 4111 5334 5901 4742 4159 6357 5280 1414 640 2500 2720 6217 5544 4610 6854 3801 4500 5608 3920 2594 5991 4460 6213 2900 4652 3828 4383 5408 6320 3195 8415 6607 2766 6440 2900 4838 5632 
6803 1300 2550 2154 5500 3517 1100 2140 6297 5991 9481 6525 5967 3821 2319 6689 5201 2474 -1 4460 6463 4215 5951 2002 8984 1676 6685 2581 6161 4827 5492 1992 7500 6562 5209 6964 6586 4998 8533 7376 3821 2907 4801 4308 8271 7301 6129 9305 2508 6607 7908 6265 4623 8465 2766 8588 2617 6512 4342 6815 7595 8769 3828 10604 8904 3759 8877 4649 5277 6053 
9502 4205 2309 4220 6747 4219 3808 2335 3883 6896 9301 5991 9240 728 6500 9014 4050 3946 4460 -1 5404 7335 8714 6140 5644 3023 3298 1921 9437 728 8927 2915 6841 5467 9118 9813 8319 8105 5692 4531 3785 3501 3672 1972 5142 3722 8410 8721 2912 7788 8363 6778 6229 7497 3650 8628 6488 8220 7737 6760 4966 7201 7106 11229 9266 6708 8481 2280 8756 9557 
6407 5215 4562 4401 3124 3000 5376 5725 2010 2778 3912 806 7001 5021 6845 5608 1442 4011 6463 5404 -1 5660 5955 6592 4134 6408 3406 5745 7142 4826 7029 4743 1442 100 7961 6824 4472 6044 3124 2625 2648 3569 1887 3466 3400 3812 5161 3324 7071 3547 3314 2285 3441 2163 7871 3324 6332 4383 6243 1703 2371 2309 5771 6008 4052 5188 3081 3124 6981 7574 
2594 3423 5049 3126 2864 3499 3932 5608 6794 3453 6907 5189 1910 6610 2484 2617 5235 3396 4215 7335 5660 -1 1749 2550 9552 5609 7882 6001 2110 7308 1616 4510 5882 5745 2302 2751 2973 806 8683 7849 4134 3922 5122 6001 8773 8500 2163 7125 6551 3513 5109 4002 2236 6841 6957 6001 1838 2941 583 4876 7799 7632 424 7224 5968 632 6619 6083 1476 2247 
854 5070 6503 4627 2832 4589 5579 7201 7479 3265 6119 5304 1170 8006 4177 1044 5948 4801 5951 8714 5955 1749 -1 4280 10060 7280 8724 7566 1253 8584 1500 6030 5743 6021 2807 1100 1965 1063 9079 8431 5166 5215 5962 7159 9301 9302 949 6546 8228 2864 4368 3842 2731 6586 8673 5289 3561 1992 1844 4720 8280 7545 2163 5923 5036 2214 6041 7157 1612 1803 
5104 1985 3920 2419 4684 3669 2332 3956 7021 5263 8877 6407 4085 5438 361 5162 5630 2865 2002 6140 6592 2550 4280 -1 9841 3650 7742 4401 4272 6360 3574 3280 7301 6691 3206 5197 5354 3245 9192 8139 4215 3499 5331 5456 9079 8382 4675 8896 4510 5646 7147 5689 3808 8301 4727 7956 721 5300 2506 6428 8246 8846 2126 9577 8099 2302 8417 5701 3353 4100 
10539 8023 6476 7424 7242 6268 7938 7355 2830 6912 6801 4876 11063 5800 10160 9742 4342 6977 8984 5644 4134 9552 10060 9841 -1 8161 2402 7118 11216 4925 11034 6992 4904 4082 11834 10955 8596 10045 1118 1720 5660 6351 4549 4707 781 1924 9291 5901 8401 7648 7060 6401 7433 4717 9201 6675 9794 8509 10124 5686 1780 3701 9578 9205 7481 9003 6013 4342 10960 11610 
8132 2214 1868 2830 6263 3829 1709 806 5722 6653 9881 6673 7455 2508 3981 7892 4998 2907 1676 3023 6408 5609 7280 3650 8161 -1 5771 1118 7653 3534 7018 1720 7654 6500 6847 8343 7580 6413 7901 6700 3859 3000 4554 3500 7517 6335 7301 9552 949 7403 8490 6794 5464 8543 1556 9043 4205 7495 5831 7161 7011 8633 5261 11317 9485 5070 9181 3901 6812 7606 
9341 5831 4144 5341 6073 4405 5680 4965 1400 5923 7084 4201 9588 3401 8080 8633 2786 4904 6685 3298 3406 7882 8724 7742 2402 5771 -1 4717 9762 2571 9458 4701 4707 3413 10077 9731 7616 8491 2417 1345 3764 4264 2778 2377 1844 640 8099 6316 6000 6790 6719 5544 5993 5016 6803 6649 7799 7519 8420 5101 1838 4383 7824 9339 7415 7280 6230 2059 9348 10070 
8401 2617 1281 2943 6129 3551 2138 447 4805 6435 9418 6122 7901 1393 4754 8052 4305 2846 2581 1921 5745 6001 7566 4401 7118 1118 4717 -1 8101 2417 7517 1552 7080 5831 7519 8658 7577 6803 6926 5722 3397 2693 3859 2550 6500 5261 7446 9000 1360 7256 8169 6482 5423 7908 2184 8627 4851 7485 6313 6718 6067 7879 5704 11042 9144 5408 8668 2961 7325 8130 
1414 5504 7157 5235 4036 5478 6007 7701 8570 4500 7325 6519 200 8713 4072 2121 7018 5492 6161 9437 7142 2110 1253 4272 11216 7653 9762 8101 -1 9386 721 6619 6989 7212 1879 1208 3195 1334 10259 9560 6093 5991 6984 8032 10448 10359 2193 7783 8584 4115 5597 5080 3801 7839 8927 6515 3574 3231 1825 5964 9437 8792 2402 6926 6217 2729 7280 8078 943 600 
9343 4383 2441 4254 6438 4011 4046 2778 3202 6531 8737 5459 9192 1030 6720 8802 3534 3922 4827 728 4826 7308 8584 6360 4925 3534 2571 2417 9386 -1 8919 3081 6268 4883 9214 9675 8031 8052 4965 3808 3501 3396 3195 1530 4415 3007 8205 8122 3551 7433 7892 6360 6001 6877 4319 8101 6637 7931 7749 6265 4249 6530 7117 10735 8766 6676 7906 1746 8760 9551 
1970 4904 6629 4707 3996 5100 5401 7106 8324 4518 7595 6464 566 8200 3362 2518 6762 5000 5492 8927 7029 1616 1500 3574 11034 7018 9458 7517 721 8919 -1 6067 7024 7106 1315 1860 3437 990 10118 9351 5731 5536 6685 7616 10259 10069 2419 7981 7940 4272 5825 5100 3607 7920 8257 6747 2886 3453 1204 5994 9263 8819 1825 7398 6528 2247 7473 7692 224 632 
6859 1304 640 1404 4632 2121 1000 1253 4329 4982 8161 4965 6420 2193 3640 6500 3373 1300 1992 2915 4743 4510 6030 3280 6992 1720 4701 1552 6619 3081 6067 -1 5948 4838 6203 7125 6042 5304 6562 5394 2147 1281 2943 2326 6282 5323 5894 7839 2550 5769 6788 5091 3891 6854 3265 7325 3578 5951 4866 5441 5632 7009 4243 9633 7779 3901 7463 2657 5886 6691 
6014 6210 5852 5360 3046 3985 6451 7018 3353 2506 2470 985 6880 6438 7503 5162 2828 5029 7500 6841 1442 5882 5743 7301 4904 7654 4707 7080 6989 6268 7024 5948 -1 1389 8115 6438 3960 6084 3795 3700 3801 4701 3256 4892 4276 5025 4841 1921 8376 2970 2159 1924 3688 1000 9159 1942 6918 3890 6451 1030 3314 1803 6088 4632 2717 5532 1640 4561 7021 7495 
6464 5315 4652 4501 3189 3100 5474 5814 2022 2830 3859 825 7072 5093 6943 5660 1526 4111 6562 5467 100 5745 6021 6691 4082 6500 3413 5831 7212 4883 7106 4838 1389 -1 8045 6882 4518 6122 3061 2596 2746 3667 1972 3536 3354 3805 5220 3256 7159 3585 3306 2326 3523 2081 7961 3289 6429 4429 6329 1712 2326 2209 5859 5977 4026 5277 3023 3189 7060 7649 
3257 4934 6815 4965 5070 5673 5385 7083 9052 5630 8857 7471 1803 8393 2900 3833 7501 5334 5209 9118 7961 2302 2807 3206 11834 6847 10077 7519 1879 9214 1315 6203 8115 8045 -1 3087 4710 2062 10981 10124 6313 5936 7355 8045 11054 10706 3701 9198 7716 5492 7071 6203 4528 9048 7906 7991 2668 4717 1720 7094 10090 9890 2263 8713 7810 2832 8688 8184 1200 1360 
424 6139 7603 5722 3722 5672 6649 8287 8453 4061 6426 6122 1304 9105 5048 1281 6946 5901 6964 9813 6824 2751 1100 5197 10955 8343 9731 8658 1208 9675 1860 7125 6438 6882 3087 -1 2484 1970 9940 9365 6237 6313 6989 8238 10208 10296 1664 6977 9289 3471 4789 4610 3764 7201 9708 5680 4478 2550 2693 5445 9181 8222 3138 5801 5281 3276 6488 8223 2062 1772 
2062 5441 6357 4751 1600 4123 5908 7292 6264 1709 4159 3722 3132 7669 5371 1204 4866 4742 6586 8319 4472 2973 1965 5354 8596 7580 7616 7577 3195 8031 3437 6042 3960 4518 4710 2484 -1 2707 7547 7077 4540 4934 5016 6512 7871 8132 1020 4588 8509 990 2404 2195 2154 4720 9097 3324 4701 100 3373 2983 6843 5738 3362 4254 3102 3053 4085 6400 3513 3764 
1860 4230 5831 3912 3041 4163 4738 6412 7341 3585 6818 5492 1140 7382 3124 2059 5780 4159 4998 8105 6044 806 1063 3245 10045 6413 8491 6803 1334 8052 990 5304 6084 6122 2062 1970 2707 -1 9129 8363 4785 4657 5714 6707 9270 9097 1746 7139 7355 3437 5025 4163 2617 7001 7749 5941 2524 2702 781 5057 8273 7871 1170 6868 5801 1404 6629 6762 943 1581 
9521 7473 6113 6801 6248 5546 7453 7103 2236 5882 5701 3828 10114 5707 9494 8709 3578 6357 8533 5692 3124 8683 9079 9192 1118 7901 2417 6926 10259 4965 10118 6562 3795 3061 10981 9940 7547 9129 -1 1204 4977 5757 3863 4401 721 2202 8280 4809 8261 6586 5948 5354 6512 3606 9080 5558 9079 7463 9262 4607 949 2617 8742 8101 6364 8161 4904 4000 10057 10678 
8955 6357 4925 5727 5644 4549 6306 5901 1118 5371 5944 3421 9402 4512 8453 8184 2625 5280 7376 4531 2625 7849 8431 8139 1720 6700 1345 5722 9560 3808 9351 5394 3700 2596 10124 9365 7077 8363 1204 -1 3945 4662 2830 3200 943 1393 7703 5124 7058 6168 5822 4904 5763 3833 7877 5614 8078 6986 8417 4295 500 3089 7864 8273 6407 7292 5099 2802 9270 9936 
5886 2602 2121 1844 2961 640 2729 3265 2830 3138 6044 2818 5909 3162 4519 5308 1432 1414 3821 3785 2648 4134 5166 4215 5660 3859 3764 3397 6093 3501 5731 2147 3801 2746 6313 6237 4540 4785 4977 3945 -1 922 1118 2010 4888 4393 4717 5694 4623 4016 4780 3106 2508 4717 5382 5235 4134 4441 4662 3330 4031 4950 4061 7661 5749 3523 5325 1992 5608 6353 
6001 1726 1432 1082 3444 860 1811 2484 3547 3744 6882 3716 5797 2802 3828 5533 2302 640 2907 3501 3569 3922 5215 3499 6351 3000 4264 2693 5991 3396 5536 1281 4701 3667 5936 6313 4934 4657 5757 4662 922 -1 1924 2110 5595 4904 4925 6576 3818 4565 5517 3821 2789 5630 4545 6044 3538 4838 4386 4162 4808 5869 3758 8374 6505 3289 6191 2267 5385 6168 
6610 3650 2693 2941 3423 1720 3701 3848 1720 3406 5673 2343 6810 3202 5636 5944 447 2500 4801 3672 1887 5122 5962 5331 4549 4554 2778 3859 6984 3195 6685 2943 3256 1972 7355 6989 5016 5714 3863 2830 1118 1924 -1 1700 3774 3384 5385 5174 5188 4310 4701 3178 3231 4050 5993 4965 5248 4916 5673 3089 2915 4080 5093 7559 5595 4534 4880 1456 6580 7295 
7892 3500 1772 3124 4916 2571 3312 2702 2256 5001 7341 4022 7843 1562 5805 7317 2081 2720 4308 1972 3466 6001 7159 5456 4707 3500 2377 2550 8032 1530 7616 2326 4892 3536 8045 8238 6512 6707 4401 3200 2010 2110 1700 -1 4031 2997 6727 6790 3905 5903 6398 4838 4518 5597 4730 6657 5597 6412 6485 4789 3523 5420 5859 9259 7295 5371 6530 412 7473 8246 
9794 7280 5787 6664 6490 5492 7212 6712 2059 6177 6320 4163 10294 5224 9394 9005 3561 6217 8271 5142 3400 8773 9301 9079 781 7517 1844 6500 10448 4415 10259 6282 4276 3354 11054 10208 7871 9270 721 943 4888 5595 3774 4031 -1 1526 8544 5445 7810 6935 6433 5680 6660 4205 8621 6113 9021 7783 9343 4998 1030 3276 8797 8705 6918 8222 5504 3650 10183 10837 
9901 6466 4754 5982 6613 5033 6306 5532 1868 6429 7325 4617 10187 3912 8720 9176 3354 5544 7301 3722 3812 8500 9302 8382 1924 6335 640 5261 10359 3007 10069 5323 5025 3805 10706 10296 8132 9097 2202 1393 4393 4904 3384 2997 1526 -1 8654 6515 6512 7278 7100 6021 6576 5220 7303 6958 8439 8036 9043 5515 1879 4472 8450 9634 7741 7903 6476 2693 9962 10678 
1253 5099 6297 4522 2059 4200 5595 7117 6803 2408 5179 4469 2119 7723 4640 608 5314 4610 6129 8410 5161 2163 949 4675 9291 7301 8099 7446 2193 8205 2419 5894 4841 5220 3701 1664 1020 1746 8280 7703 4717 4925 5385 6727 8544 8654 -1 5597 8246 1924 3421 2970 2209 5660 8766 4342 3982 1044 2470 3829 7517 6640 2581 5124 4111 2408 5092 6675 2502 2751 
6574 8006 7767 7151 4300 5818 8286 8931 5061 3700 922 2884 7716 8344 9055 5727 4742 6854 9305 8721 3324 7125 6546 8896 5901 9552 6316 9000 7783 8122 7981 7839 1921 3256 9198 6977 4588 7139 4809 5124 5694 6576 5174 6790 5445 6515 5597 -1 10290 3711 2193 3214 5116 1300 11068 1304 8429 4554 7653 2500 4657 2200 7406 3324 1921 6900 510 6444 8028 8349 
9080 3162 2524 3759 7161 4669 2657 1360 6161 7529 10667 7406 8386 2602 4826 8839 5636 3801 2508 2912 7071 6551 8228 4510 8401 949 6000 1360 8584 3551 7940 2550 8376 7159 7716 9289 8509 7355 8261 7058 4623 3818 5188 3905 7810 6512 8246 10290 -1 8301 9335 7638 6381 9228 825 9849 5101 8422 6760 7951 7415 9231 6198 12183 10324 6017 9940 4317 7732 8521 
3048 5376 5994 4601 1140 3712 5800 7018 5413 906 3400 2773 4031 7178 5725 2193 4101 4500 6607 7788 3547 3513 2864 5646 7648 7403 6790 7256 4115 7433 4272 5769 2970 3585 5492 3471 990 3437 6586 6168 4016 4565 4310 5903 6935 7278 1924 3711 8301 -1 1600 1265 1985 3744 8950 2508 5060 922 4000 2000 5909 4751 3847 4000 2474 3421 3202 5743 4317 4662 
4383 6629 6888 5801 2470 4667 7000 7998 5324 1924 1800 2532 5536 7839 7253 3534 4366 5608 7908 8363 3314 5109 4368 7147 7060 8490 6719 8169 5597 7892 5825 6788 2159 3306 7071 4789 2404 5025 5948 5822 4780 5517 4701 6398 6433 7100 3421 2193 9335 1600 -1 1697 3362 2581 10045 922 6597 2377 5600 1649 5459 3689 5433 2884 1000 4982 1700 6147 5886 6168 
4187 4974 5201 4134 1140 2970 5325 6303 4159 583 3231 1526 4965 6217 5842 3360 2915 3920 6265 6778 2285 4002 3842 5689 6401 6794 5544 6482 5080 6360 5100 5091 1924 2326 6203 4610 2195 4163 5354 4904 3106 3821 3178 4838 5680 6021 2970 3214 7638 1265 1697 -1 1903 2846 8349 2326 5215 2110 4561 894 4652 3722 4243 4561 2691 3712 2729 4632 5099 5576 
3396 3394 4206 2640 894 2010 3829 5143 4771 1456 5070 2955 3640 5558 3946 2802 3225 2594 4623 6229 3441 2236 2731 3808 7433 5464 5993 5423 3801 6001 3607 3891 3688 3523 4528 3764 2154 2617 6512 5763 2508 2789 3231 4518 6660 6576 2209 5116 6381 1985 3362 1903 -1 4669 7000 4148 3314 2062 2818 2717 5659 5408 2404 5982 4338 1844 4627 4472 3547 4177 
6780 7181 6712 6335 3985 4948 7404 7877 3774 3418 2121 1942 7741 7159 8502 5920 3606 5991 8465 7497 2163 6841 6586 8301 4717 8543 5016 7908 7839 6877 7920 6854 1000 2081 9048 7201 4720 7001 3606 3833 4717 5630 4050 5597 4205 5220 5660 1300 9228 3744 2581 2846 4669 -1 10024 1992 7916 4662 7404 1965 3373 1118 7061 4501 2789 6512 1300 5235 7931 8365 
9527 3672 3312 4360 7810 5381 3191 2147 6986 8207 11420 8184 8732 3401 5009 9347 6440 4460 2766 3650 7871 6957 8673 4727 9201 1556 6803 2184 8927 4319 8257 3265 9159 7961 7906 9708 9097 7749 9080 7877 5382 4545 5993 4730 8621 7303 8766 11068 825 8950 10045 8349 7000 10024 -1 10589 5376 9014 7106 8701 8238 10046 6580 12872 11039 6462 10707 5142 8041 8812 
5280 7295 7355 6450 3276 5220 7632 8496 5289 2693 922 2642 6456 8161 8081 4438 4579 6213 8588 8628 3324 6001 5289 7956 6675 9043 6649 8627 6515 8101 6747 7325 1942 3289 7991 5680 3324 5941 5558 5614 5235 6044 4965 6657 6113 6958 4342 1304 9849 2508 922 2326 4148 1992 10589 -1 7433 3298 6503 1910 5201 3102 6313 2693 806 5842 849 6363 6807 7088 
4383 2285 4206 2476 4159 3536 2720 4415 6964 4752 8355 6067 3384 5770 671 4455 5501 2900 2617 6488 6332 1838 3561 721 9794 4205 7799 4851 3574 6637 2886 3578 6918 6429 2668 4478 4701 2524 9079 8078 4134 3538 5248 5597 9021 8439 3982 8429 5101 5060 6597 5215 3314 7916 5376 7433 -1 4653 1789 6000 8141 8533 1414 8944 7529 1655 7940 5798 2668 3437 
2126 5360 6263 4665 1500 4026 5825 7201 6168 1616 4144 3636 3162 7571 5324 1273 4768 4652 6512 8220 4383 2941 1992 5300 8509 7495 7519 7485 3231 7931 3453 5951 3890 4429 4717 2550 100 2702 7463 6986 4441 4838 4916 6412 7783 8036 1044 4554 8422 922 2377 2110 2062 4662 9014 3298 4653 -1 3354 2907 6754 5673 3324 4295 3100 3002 4050 6300 3523 3795 
2625 3701 5434 3517 3421 4022 4200 5903 7355 4002 7400 5770 1628 7009 2360 2830 5798 3828 4342 7737 6243 583 1844 2506 10124 5831 8420 6313 1825 7749 1204 4866 6451 6329 1720 2693 3373 781 9262 8417 4662 4386 5673 6485 9343 9043 2470 7653 6760 4000 5600 4561 2818 7404 7106 6503 1789 3354 -1 5441 8374 8208 632 7589 6428 1140 7145 6586 1020 1825 
5021 5515 5449 4662 2025 3362 5814 6595 3701 1476 2720 900 5852 6268 6607 4177 2731 4383 6815 6760 1703 4876 4720 6428 5686 7161 5101 6718 5964 6265 5994 5441 1030 1712 7094 5445 2983 5057 4607 4295 3330 4162 3089 4789 4998 5515 3829 2500 7951 2000 1649 894 2717 1965 8701 1910 6000 2907 5441 -1 3985 2830 5099 4472 2506 4554 2062 4519 5993 6466 
8766 6525 5201 5852 5464 4607 6512 6220 1304 5148 5492 3138 9285 4904 8549 7976 2642 5408 7595 4966 2371 7799 8280 8246 1780 7011 1838 6067 9437 4249 9263 5632 3314 2326 10090 9181 6843 8273 949 500 4031 4808 2915 3523 1030 1879 7517 4657 7415 5909 5459 4652 5659 3373 8238 5201 8141 6754 8374 3985 -1 2594 7841 7841 6000 7262 4653 3114 9193 9835 
7799 7524 6768 6707 4830 5304 7679 7912 3330 4305 3106 2474 8682 6964 9080 6943 3640 6320 8769 7201 2309 7632 7545 8846 3701 8633 4383 7879 8792 6530 8819 7009 1803 2209 9890 8222 5738 7871 2617 3089 4950 5869 4080 5420 3276 4472 6640 2200 9231 4751 3689 3722 5408 1118 10046 3102 8533 5673 8208 2830 2594 -1 7811 5515 3890 7242 2354 5025 8812 9296 
3002 3102 4805 2886 3114 3421 3606 5300 6790 3712 7225 5349 2202 6379 2062 3041 5240 3195 3828 7106 5771 424 2163 2126 9578 5261 7824 5704 2402 7117 1825 4243 6088 5859 2263 3138 3362 1170 8742 7864 4061 3758 5093 5859 8797 8450 2581 7406 6198 3847 5433 4243 2404 7061 6580 6313 1414 3324 632 5099 7841 7811 -1 7616 6315 583 6903 5968 1649 2452 
5515 9361 9762 8563 5109 7517 9767 10858 7981 4667 2408 5292 6946 10719 9615 4884 7201 8415 10604 11229 6008 7224 5923 9577 9205 11317 9339 11042 6926 10735 7398 9633 4632 5977 8713 5801 4254 6868 8101 8273 7661 8374 7559 9259 8705 9634 5124 3324 12183 4000 2884 4561 5982 4501 12872 2693 8944 4295 7589 4472 7841 5515 7616 -1 1970 7290 3202 8990 7531 7524 
4904 7628 7864 6801 3444 5659 8000 8983 6042 2915 1166 3324 6181 8766 8191 4100 5233 6607 8904 9266 4052 5968 5036 8099 7481 9485 7415 9144 6217 8766 6528 7779 2717 4026 7810 5281 3102 5801 6364 6407 5749 6505 5595 7295 6918 7741 4111 1921 10324 2474 1000 2691 4338 2789 11039 806 7529 3100 6428 2506 6000 3890 6315 1970 -1 5894 1565 7021 6612 6807 
3068 2864 4428 2508 2600 2884 3373 5025 6223 3200 6760 4776 2532 5984 2326 2941 4669 2766 3759 6708 5188 632 2214 2302 9003 5070 7280 5408 2729 6676 2247 3901 5532 5277 2832 3276 3053 1404 8161 7292 3523 3289 4534 5371 8222 7903 2408 6900 6017 3421 4982 3712 1844 6512 6462 5842 1655 3002 1140 4554 7262 7242 583 7290 5894 -1 6401 5459 2102 2879 
6083 7577 7420 6723 3801 5412 7872 8580 4924 3202 854 2550 7211 8072 8571 5233 4460 6440 8877 8481 3081 6619 6041 8417 6013 9181 6230 8668 7280 7906 7473 7463 1640 3023 8688 6488 4085 6629 4904 5099 5325 6191 4880 6530 5504 6476 5092 510 9940 3202 1700 2729 4627 1300 10707 849 7940 4050 7145 2062 4653 2354 6903 3202 1565 6401 -1 6201 7519 7843 
7864 3774 2138 3324 4800 2600 3625 3106 1844 4837 7021 3722 7892 1942 6044 7256 1789 2900 4649 2280 3124 6083 7157 5701 4342 3901 2059 2961 8078 1746 7692 2657 4561 3189 8184 8223 6400 6762 4000 2802 1992 2267 1456 412 3650 2693 6675 6444 4317 5743 6147 4632 4472 5235 5142 6363 5798 6300 6586 4519 3114 5025 5968 8990 7021 5459 6201 -1 7559 8319 
2147 4710 6454 4535 3982 4974 5204 6912 8233 4519 7666 6435 781 8028 3138 2648 6671 4838 5277 8756 6981 1476 1612 3353 10960 6812 9348 7325 943 8760 224 5886 7021 7060 1200 2062 3513 943 10057 9270 5608 5385 6580 7473 10183 9962 2502 8028 7732 4317 5886 5099 3547 7931 8041 6807 2668 3523 1020 5993 9193 8812 1649 7531 6612 2102 7519 7559 -1 806 
2010 5515 7257 5337 4500 5725 6007 7716 8920 4993 7908 6981 632 8829 3860 2717 7360 5632 6053 9557 7574 2247 1803 4100 11610 7606 10070 8130 600 9551 632 6691 7495 7649 1360 1772 3764 1581 10678 9936 6353 6168 7295 8246 10837 10678 2751 8349 8521 4662 6168 5576 4177 8365 8812 7088 3437 3795 1825 6466 9835 9296 2452 7524 6807 2879 7843 8319 806 -1 
