NAME: ulysses16_Li
TYPE: BWTSP
COMMENT: Odyssey of Ulysses (Groetschel/Padberg)
DIMENSION: 16
EDGE_WEIGHT_TYPE : EXPLICIT
EDGE_WEIGHT_FORMAT : FULL_MATRIX
EDGE_WEIGHT_SECTION
-1 106 153 132 205 187 226 261 317 349 386 411 446 483 524 560
106 -1 52 185 264 167 197 238 260 297 391 376 425 454 510 521
153 52 -1 208 285 158 180 221 224 263 381 347 401 426 488 489
132 185 208 -1 80 119 153 172 259 280 262 318 339 381 409 464
205 264 285 80 -1 168 190 192 291 303 226 319 322 368 379 455
187 167 158 119 168 -1 39 75 142 167 225 224 263 298 346 373
226 197 180 153 190 39 -1 42 107 129 203 186 229 261 313 335
261 238 221 172 192 75 42 -1 102 112 163 152 189 223 272 301
317 260 224 259 291 142 107 102 -1 39 226 130 195 210 283 265
349 297 263 280 303 167 129 112 39 -1 206 93 160 172 247 227
386 391 381 262 226 225 203 163 226 206 -1 151 115 162 154 247
411 376 347 318 319 224 186 152 130 93 151 -1 70 80 155 150
446 425 401 339 322 263 229 189 195 160 115 70 -1 48 89 135
483 454 426 381 368 298 261 223 210 172 162 80 48 -1 87 88
524 510 488 409 379 346 313 272 283 247 154 155 89 87 -1 130
560 521 489 464 455 373 335 301 265 227 247 150 135 88 130 -1
